time vin1 vin2 vout1 vout2
 0.00000000e+00  5.00000000e-01  5.00000000e-01  5.00218334e-01  5.00218334e-01 
 1.00000000e-10  5.00000000e-01  5.00000000e-01  5.00218334e-01  5.00218334e-01 
 2.00000000e-10  5.00000000e-01  5.00000000e-01  5.00218334e-01  5.00218334e-01 
 4.00000000e-10  5.00000000e-01  5.00000000e-01  5.00218334e-01  5.00218334e-01 
 8.00000000e-10  5.00000000e-01  5.00000000e-01  5.00218334e-01  5.00218334e-01 
 1.60000000e-09  5.00000000e-01  5.00000000e-01  5.00218334e-01  5.00218334e-01 
 3.20000000e-09  5.00000000e-01  5.00000000e-01  5.00218334e-01  5.00218334e-01 
 6.40000000e-09  5.00000000e-01  5.00000000e-01  5.00218334e-01  5.00218334e-01 
 1.00000000e-08  5.00000000e-01  5.00000000e-01  5.00218334e-01  5.00218334e-01 
 1.01000000e-08  5.50000000e-01  4.50000000e-01  5.00308895e-01  5.00116825e-01 
 1.03000000e-08  6.50000000e-01  3.50000000e-01  5.00456370e-01  4.99882908e-01 
 1.07000000e-08  8.50000000e-01  1.50000000e-01  5.00597326e-01  4.99383221e-01 
 1.10000000e-08  1.00000000e+00  0.00000000e+00  5.00617691e-01  4.99166270e-01 
 1.10800000e-08  1.00000000e+00  0.00000000e+00  5.00606881e-01  4.99152896e-01 
 1.12400000e-08  1.00000000e+00  0.00000000e+00  5.00590025e-01  4.99127893e-01 
 1.15600000e-08  1.00000000e+00  0.00000000e+00  5.00578776e-01  4.99079909e-01 
 1.22000000e-08  1.00000000e+00  0.00000000e+00  5.00613354e-01  4.98964133e-01 
 1.32695685e-08  1.00000000e+00  0.00000000e+00  5.00757195e-01  4.98690461e-01 
 1.52205329e-08  1.00000000e+00  0.00000000e+00  5.01136422e-01  4.97998997e-01 
 1.88906960e-08  1.00000000e+00  0.00000000e+00  5.02353946e-01  4.96377218e-01 
 2.62310224e-08  1.00000000e+00  0.00000000e+00  5.06870129e-01  4.92595591e-01 
 3.69421360e-08  1.00000000e+00  0.00000000e+00  5.14184448e-01  4.86408696e-01 
 5.20269582e-08  1.00000000e+00  0.00000000e+00  5.23722679e-01  4.77166373e-01 
 7.57226740e-08  1.00000000e+00  0.00000000e+00  5.39381642e-01  4.62323254e-01 
 1.16049204e-07  1.00000000e+00  0.00000000e+00  5.65457910e-01  4.36814184e-01 
 1.85621955e-07  1.00000000e+00  0.00000000e+00  6.10655456e-01  3.92509569e-01 
 3.05621955e-07  1.00000000e+00  0.00000000e+00  6.87885193e-01  3.15977247e-01 
 4.25621955e-07  1.00000000e+00  0.00000000e+00  7.64580982e-01  2.40049929e-01 
 5.45621955e-07  1.00000000e+00  0.00000000e+00  8.33472246e-01  1.66909013e-01 
 6.65621955e-07  1.00000000e+00  0.00000000e+00  8.80573881e-01  1.02354738e-01 
 7.85621955e-07  1.00000000e+00  0.00000000e+00  9.09923707e-01  5.45074694e-02 
 8.00621955e-07  1.00000000e+00  0.00000000e+00  9.12774725e-01  5.03051829e-02 
 8.30621955e-07  1.00000000e+00  0.00000000e+00  9.18073656e-01  4.34921103e-02 
 8.90621955e-07  1.00000000e+00  0.00000000e+00  9.27297707e-01  3.71665342e-02 
 9.70615477e-07  1.00000000e+00  0.00000000e+00  9.37453466e-01  3.36979886e-02 
 1.05606626e-06  1.00000000e+00  0.00000000e+00  9.46186204e-01  3.23835487e-02 
 1.17606626e-06  1.00000000e+00  0.00000000e+00  9.55911865e-01  3.22112921e-02 
 1.29606626e-06  1.00000000e+00  0.00000000e+00  9.63418880e-01  3.19936722e-02 
 1.41606626e-06  1.00000000e+00  0.00000000e+00  9.69390737e-01  3.21766557e-02 
 1.53606626e-06  1.00000000e+00  0.00000000e+00  9.74183121e-01  3.19961393e-02 
 1.65606626e-06  1.00000000e+00  0.00000000e+00  9.78119133e-01  3.21655569e-02 
 1.77606626e-06  1.00000000e+00  0.00000000e+00  9.81348033e-01  3.20105712e-02 
 1.89606626e-06  1.00000000e+00  0.00000000e+00  9.84054259e-01  3.21483848e-02 
 2.01606626e-06  1.00000000e+00  0.00000000e+00  9.86303493e-01  3.20199790e-02 
 2.13606626e-06  1.00000000e+00  0.00000000e+00  9.88215091e-01  3.21292600e-02 
 2.25606626e-06  1.00000000e+00  0.00000000e+00  9.89816565e-01  3.20545545e-02 
 2.37606626e-06  1.00000000e+00  0.00000000e+00  9.91191803e-01  3.21134284e-02 
 2.49606626e-06  1.00000000e+00  0.00000000e+00  9.92349199e-01  3.20654970e-02 
 2.61606626e-06  1.00000000e+00  0.00000000e+00  9.93351085e-01  3.20980355e-02 
 2.73606626e-06  1.00000000e+00  0.00000000e+00  9.94196288e-01  3.20772354e-02 
 2.85606626e-06  1.00000000e+00  0.00000000e+00  9.94932707e-01  3.20868808e-02 
 2.97606626e-06  1.00000000e+00  0.00000000e+00  9.95554537e-01  3.20853180e-02 
 3.09606626e-06  1.00000000e+00  0.00000000e+00  9.96099298e-01  3.20798929e-02 
 3.21606626e-06  1.00000000e+00  0.00000000e+00  9.96559273e-01  3.20901361e-02 
 3.33606626e-06  1.00000000e+00  0.00000000e+00  9.96964118e-01  3.20764308e-02 
 3.45606626e-06  1.00000000e+00  0.00000000e+00  9.97305738e-01  3.20922030e-02 
 3.57606626e-06  1.00000000e+00  0.00000000e+00  9.97607599e-01  3.20755253e-02 
 3.69606626e-06  1.00000000e+00  0.00000000e+00  9.97862091e-01  3.20922626e-02 
 3.81606626e-06  1.00000000e+00  0.00000000e+00  9.98087692e-01  3.20762418e-02 
 3.93606626e-06  1.00000000e+00  0.00000000e+00  9.98277731e-01  3.20910870e-02 
 4.05606626e-06  1.00000000e+00  0.00000000e+00  9.98446607e-01  3.20777984e-02 
 4.17606626e-06  1.00000000e+00  0.00000000e+00  9.98588792e-01  3.20893475e-02 
 4.29606626e-06  1.00000000e+00  0.00000000e+00  9.98715330e-01  3.20796126e-02 
 4.41606626e-06  1.00000000e+00  0.00000000e+00  9.98821891e-01  3.20875473e-02 
 4.53606626e-06  1.00000000e+00  0.00000000e+00  9.98916750e-01  3.20813000e-02 
 4.65606626e-06  1.00000000e+00  0.00000000e+00  9.98996738e-01  3.20859955e-02 
 4.77606626e-06  1.00000000e+00  0.00000000e+00  9.99067850e-01  3.20826499e-02 
 4.89606626e-06  1.00000000e+00  0.00000000e+00  9.99127986e-01  3.20848359e-02 
 5.01606626e-06  1.00000000e+00  0.00000000e+00  9.99181272e-01  3.20835930e-02 
 5.13606626e-06  1.00000000e+00  0.00000000e+00  9.99226561e-01  3.20840877e-02 
 5.25606626e-06  1.00000000e+00  0.00000000e+00  9.99266453e-01  3.20841522e-02 
 5.37606626e-06  1.00000000e+00  0.00000000e+00  9.99300625e-01  3.20836926e-02 
 5.49606626e-06  1.00000000e+00  0.00000000e+00  9.99330448e-01  3.20844043e-02 
 5.61606626e-06  1.00000000e+00  0.00000000e+00  9.99356290e-01  3.20835589e-02 
 5.73606626e-06  1.00000000e+00  0.00000000e+00  9.99378541e-01  3.20844424e-02 
 5.85606626e-06  1.00000000e+00  0.00000000e+00  9.99398133e-01  3.20835920e-02 
 5.97606626e-06  1.00000000e+00  0.00000000e+00  9.99414691e-01  3.20843599e-02 
 6.00000000e-06  1.00000000e+00  0.00000000e+00  9.99418151e-01  3.20839523e-02 
