time vin1 vin2 vout1 vout2
 0.00000000e+00  5.00000000e-01  5.00000000e-01  5.00218334e-01  5.00218334e-01 
 1.00000000e-10  5.00000000e-01  5.00000000e-01  5.00218334e-01  5.00218334e-01 
 2.00000000e-10  5.00000000e-01  5.00000000e-01  5.00218334e-01  5.00218334e-01 
 4.00000000e-10  5.00000000e-01  5.00000000e-01  5.00218334e-01  5.00218334e-01 
 8.00000000e-10  5.00000000e-01  5.00000000e-01  5.00218334e-01  5.00218334e-01 
 1.60000000e-09  5.00000000e-01  5.00000000e-01  5.00218334e-01  5.00218334e-01 
 3.20000000e-09  5.00000000e-01  5.00000000e-01  5.00218334e-01  5.00218334e-01 
 6.40000000e-09  5.00000000e-01  5.00000000e-01  5.00218334e-01  5.00218334e-01 
 1.00000000e-08  5.00000000e-01  5.00000000e-01  5.00218334e-01  5.00218334e-01 
 1.01000000e-08  5.00100000e-01  4.99900000e-01  5.00218526e-01  5.00218142e-01 
 1.03000000e-08  5.00300000e-01  4.99700000e-01  5.00218917e-01  5.00217750e-01 
 1.07000000e-08  5.00700000e-01  4.99300000e-01  5.00219753e-01  5.00216912e-01 
 1.10000000e-08  5.01000000e-01  4.99000000e-01  5.00220439e-01  5.00216222e-01 
 1.10800000e-08  5.01000000e-01  4.99000000e-01  5.00220482e-01  5.00216178e-01 
 1.12400000e-08  5.01000000e-01  4.99000000e-01  5.00220574e-01  5.00216084e-01 
 1.15600000e-08  5.01000000e-01  4.99000000e-01  5.00220796e-01  5.00215859e-01 
 1.22000000e-08  5.01000000e-01  4.99000000e-01  5.00221393e-01  5.00215257e-01 
 1.34800000e-08  5.01000000e-01  4.99000000e-01  5.00223195e-01  5.00213446e-01 
 1.60400000e-08  5.01000000e-01  4.99000000e-01  5.00229208e-01  5.00207405e-01 
 2.11600000e-08  5.01000000e-01  4.99000000e-01  5.00250055e-01  5.00186572e-01 
 3.14000000e-08  5.01000000e-01  4.99000000e-01  5.00311233e-01  5.00125547e-01 
 5.18800000e-08  5.01000000e-01  4.99000000e-01  5.00434278e-01  5.00002314e-01 
 8.18800000e-08  5.01000000e-01  4.99000000e-01  5.00578066e-01  4.99858657e-01 
 1.11880000e-07  5.01000000e-01  4.99000000e-01  5.00698374e-01  4.99738336e-01 
 1.41880000e-07  5.01000000e-01  4.99000000e-01  5.00795073e-01  4.99641482e-01 
 1.71880000e-07  5.01000000e-01  4.99000000e-01  5.00873578e-01  4.99563113e-01 
 2.01880000e-07  5.01000000e-01  4.99000000e-01  5.00938171e-01  4.99498365e-01 
 2.31880000e-07  5.01000000e-01  4.99000000e-01  5.00989925e-01  4.99446709e-01 
 2.61880000e-07  5.01000000e-01  4.99000000e-01  5.01032675e-01  4.99403899e-01 
 2.91880000e-07  5.01000000e-01  4.99000000e-01  5.01067009e-01  4.99369596e-01 
 3.21880000e-07  5.01000000e-01  4.99000000e-01  5.01095213e-01  4.99341390e-01 
 3.51880000e-07  5.01000000e-01  4.99000000e-01  5.01118013e-01  4.99318592e-01 
 3.81880000e-07  5.01000000e-01  4.99000000e-01  5.01136623e-01  4.99299996e-01 
 4.11880000e-07  5.01000000e-01  4.99000000e-01  5.01151753e-01  4.99284864e-01 
 4.41880000e-07  5.01000000e-01  4.99000000e-01  5.01164044e-01  4.99272585e-01 
 4.71880000e-07  5.01000000e-01  4.99000000e-01  5.01174071e-01  4.99262557e-01 
 5.01880000e-07  5.01000000e-01  4.99000000e-01  5.01182201e-01  4.99254436e-01 
 5.31880000e-07  5.01000000e-01  4.99000000e-01  5.01188837e-01  4.99247802e-01 
 5.61880000e-07  5.01000000e-01  4.99000000e-01  5.01194221e-01  4.99242423e-01 
 5.91880000e-07  5.01000000e-01  4.99000000e-01  5.01198610e-01  4.99238037e-01 
 6.21880000e-07  5.01000000e-01  4.99000000e-01  5.01202176e-01  4.99234474e-01 
 6.51880000e-07  5.01000000e-01  4.99000000e-01  5.01205078e-01  4.99231574e-01 
 6.81880000e-07  5.01000000e-01  4.99000000e-01  5.01207440e-01  4.99229215e-01 
 7.11880000e-07  5.01000000e-01  4.99000000e-01  5.01209360e-01  4.99227296e-01 
 7.41880000e-07  5.01000000e-01  4.99000000e-01  5.01210923e-01  4.99225735e-01 
 7.71880000e-07  5.01000000e-01  4.99000000e-01  5.01212194e-01  4.99224466e-01 
 8.01880000e-07  5.01000000e-01  4.99000000e-01  5.01213228e-01  4.99223432e-01 
 8.31880000e-07  5.01000000e-01  4.99000000e-01  5.01214070e-01  4.99222592e-01 
 8.61880000e-07  5.01000000e-01  4.99000000e-01  5.01214754e-01  4.99221909e-01 
 8.91880000e-07  5.01000000e-01  4.99000000e-01  5.01215311e-01  4.99221353e-01 
 9.21880000e-07  5.01000000e-01  4.99000000e-01  5.01215764e-01  4.99220900e-01 
 9.51880000e-07  5.01000000e-01  4.99000000e-01  5.01216133e-01  4.99220532e-01 
 9.81880000e-07  5.01000000e-01  4.99000000e-01  5.01216432e-01  4.99220233e-01 
 1.01188000e-06  5.01000000e-01  4.99000000e-01  5.01216676e-01  4.99219989e-01 
 1.04188000e-06  5.01000000e-01  4.99000000e-01  5.01216874e-01  4.99219791e-01 
 1.07188000e-06  5.01000000e-01  4.99000000e-01  5.01217036e-01  4.99219630e-01 
 1.10188000e-06  5.01000000e-01  4.99000000e-01  5.01217167e-01  4.99219499e-01 
 1.13188000e-06  5.01000000e-01  4.99000000e-01  5.01217274e-01  4.99219393e-01 
 1.16188000e-06  5.01000000e-01  4.99000000e-01  5.01217361e-01  4.99219306e-01 
 1.19188000e-06  5.01000000e-01  4.99000000e-01  5.01217432e-01  4.99219235e-01 
 1.22188000e-06  5.01000000e-01  4.99000000e-01  5.01217489e-01  4.99219178e-01 
 1.25188000e-06  5.01000000e-01  4.99000000e-01  5.01217536e-01  4.99219131e-01 
 1.28188000e-06  5.01000000e-01  4.99000000e-01  5.01217574e-01  4.99219093e-01 
 1.31188000e-06  5.01000000e-01  4.99000000e-01  5.01217605e-01  4.99219062e-01 
 1.34188000e-06  5.01000000e-01  4.99000000e-01  5.01217630e-01  4.99219037e-01 
 1.37188000e-06  5.01000000e-01  4.99000000e-01  5.01217651e-01  4.99219016e-01 
 1.40188000e-06  5.01000000e-01  4.99000000e-01  5.01217668e-01  4.99219000e-01 
 1.43188000e-06  5.01000000e-01  4.99000000e-01  5.01217682e-01  4.99218986e-01 
 1.46188000e-06  5.01000000e-01  4.99000000e-01  5.01217693e-01  4.99218975e-01 
 1.49188000e-06  5.01000000e-01  4.99000000e-01  5.01217702e-01  4.99218966e-01 
 1.50000000e-06  5.01000000e-01  4.99000000e-01  5.01217704e-01  4.99218964e-01 
