 v1  v2  iout
 0.00000000e+00  5.00000000e-01 -1.30456836e-06 
 1.00000000e-03  5.00000000e-01 -1.30456797e-06 
 2.00000000e-03  5.00000000e-01 -1.30456762e-06 
 3.00000000e-03  5.00000000e-01 -1.30456721e-06 
 4.00000000e-03  5.00000000e-01 -1.30456680e-06 
 5.00000000e-03  5.00000000e-01 -1.30456638e-06 
 6.00000000e-03  5.00000000e-01 -1.30456595e-06 
 7.00000000e-03  5.00000000e-01 -1.30456548e-06 
 8.00000000e-03  5.00000000e-01 -1.30456502e-06 
 9.00000000e-03  5.00000000e-01 -1.30456452e-06 
 1.00000000e-02  5.00000000e-01 -1.30456402e-06 
 1.10000000e-02  5.00000000e-01 -1.30456351e-06 
 1.20000000e-02  5.00000000e-01 -1.30456299e-06 
 1.30000000e-02  5.00000000e-01 -1.30456244e-06 
 1.40000000e-02  5.00000000e-01 -1.30456187e-06 
 1.50000000e-02  5.00000000e-01 -1.30456127e-06 
 1.60000000e-02  5.00000000e-01 -1.30456067e-06 
 1.70000000e-02  5.00000000e-01 -1.30456003e-06 
 1.80000000e-02  5.00000000e-01 -1.30455939e-06 
 1.90000000e-02  5.00000000e-01 -1.30455872e-06 
 2.00000000e-02  5.00000000e-01 -1.30455802e-06 
 2.10000000e-02  5.00000000e-01 -1.30455730e-06 
 2.20000000e-02  5.00000000e-01 -1.30455658e-06 
 2.30000000e-02  5.00000000e-01 -1.30455582e-06 
 2.40000000e-02  5.00000000e-01 -1.30455503e-06 
 2.50000000e-02  5.00000000e-01 -1.30455422e-06 
 2.60000000e-02  5.00000000e-01 -1.30455340e-06 
 2.70000000e-02  5.00000000e-01 -1.30455253e-06 
 2.80000000e-02  5.00000000e-01 -1.30455163e-06 
 2.90000000e-02  5.00000000e-01 -1.30455070e-06 
 3.00000000e-02  5.00000000e-01 -1.30454976e-06 
 3.10000000e-02  5.00000000e-01 -1.30454880e-06 
 3.20000000e-02  5.00000000e-01 -1.30454777e-06 
 3.30000000e-02  5.00000000e-01 -1.30454672e-06 
 3.40000000e-02  5.00000000e-01 -1.30454564e-06 
 3.50000000e-02  5.00000000e-01 -1.30454454e-06 
 3.60000000e-02  5.00000000e-01 -1.30454339e-06 
 3.70000000e-02  5.00000000e-01 -1.30454222e-06 
 3.80000000e-02  5.00000000e-01 -1.30454100e-06 
 3.90000000e-02  5.00000000e-01 -1.30453973e-06 
 4.00000000e-02  5.00000000e-01 -1.30453843e-06 
 4.10000000e-02  5.00000000e-01 -1.30453710e-06 
 4.20000000e-02  5.00000000e-01 -1.30453571e-06 
 4.30000000e-02  5.00000000e-01 -1.30453431e-06 
 4.40000000e-02  5.00000000e-01 -1.30453282e-06 
 4.50000000e-02  5.00000000e-01 -1.30453131e-06 
 4.60000000e-02  5.00000000e-01 -1.30452975e-06 
 4.70000000e-02  5.00000000e-01 -1.30452814e-06 
 4.80000000e-02  5.00000000e-01 -1.30452645e-06 
 4.90000000e-02  5.00000000e-01 -1.30452475e-06 
 5.00000000e-02  5.00000000e-01 -1.30452298e-06 
 5.10000000e-02  5.00000000e-01 -1.30452118e-06 
 5.20000000e-02  5.00000000e-01 -1.30451928e-06 
 5.30000000e-02  5.00000000e-01 -1.30451732e-06 
 5.40000000e-02  5.00000000e-01 -1.30451534e-06 
 5.50000000e-02  5.00000000e-01 -1.30451327e-06 
 5.60000000e-02  5.00000000e-01 -1.30451117e-06 
 5.70000000e-02  5.00000000e-01 -1.30450895e-06 
 5.80000000e-02  5.00000000e-01 -1.30450671e-06 
 5.90000000e-02  5.00000000e-01 -1.30450436e-06 
 6.00000000e-02  5.00000000e-01 -1.30450197e-06 
 6.10000000e-02  5.00000000e-01 -1.30449949e-06 
 6.20000000e-02  5.00000000e-01 -1.30449695e-06 
 6.30000000e-02  5.00000000e-01 -1.30449430e-06 
 6.40000000e-02  5.00000000e-01 -1.30449159e-06 
 6.50000000e-02  5.00000000e-01 -1.30448882e-06 
 6.60000000e-02  5.00000000e-01 -1.30448592e-06 
 6.70000000e-02  5.00000000e-01 -1.30448296e-06 
 6.80000000e-02  5.00000000e-01 -1.30447989e-06 
 6.90000000e-02  5.00000000e-01 -1.30447674e-06 
 7.00000000e-02  5.00000000e-01 -1.30447348e-06 
 7.10000000e-02  5.00000000e-01 -1.30447012e-06 
 7.20000000e-02  5.00000000e-01 -1.30446670e-06 
 7.30000000e-02  5.00000000e-01 -1.30446312e-06 
 7.40000000e-02  5.00000000e-01 -1.30445944e-06 
 7.50000000e-02  5.00000000e-01 -1.30445565e-06 
 7.60000000e-02  5.00000000e-01 -1.30445176e-06 
 7.70000000e-02  5.00000000e-01 -1.30444775e-06 
 7.80000000e-02  5.00000000e-01 -1.30444361e-06 
 7.90000000e-02  5.00000000e-01 -1.30443935e-06 
 8.00000000e-02  5.00000000e-01 -1.30443495e-06 
 8.10000000e-02  5.00000000e-01 -1.30443041e-06 
 8.20000000e-02  5.00000000e-01 -1.30442577e-06 
 8.30000000e-02  5.00000000e-01 -1.30442095e-06 
 8.40000000e-02  5.00000000e-01 -1.30441600e-06 
 8.50000000e-02  5.00000000e-01 -1.30441091e-06 
 8.60000000e-02  5.00000000e-01 -1.30440564e-06 
 8.70000000e-02  5.00000000e-01 -1.30440024e-06 
 8.80000000e-02  5.00000000e-01 -1.30439466e-06 
 8.90000000e-02  5.00000000e-01 -1.30438892e-06 
 9.00000000e-02  5.00000000e-01 -1.30438303e-06 
 9.10000000e-02  5.00000000e-01 -1.30437691e-06 
 9.20000000e-02  5.00000000e-01 -1.30437062e-06 
 9.30000000e-02  5.00000000e-01 -1.30436416e-06 
 9.40000000e-02  5.00000000e-01 -1.30435751e-06 
 9.50000000e-02  5.00000000e-01 -1.30435066e-06 
 9.60000000e-02  5.00000000e-01 -1.30434360e-06 
 9.70000000e-02  5.00000000e-01 -1.30433632e-06 
 9.80000000e-02  5.00000000e-01 -1.30432883e-06 
 9.90000000e-02  5.00000000e-01 -1.30432113e-06 
 1.00000000e-01  5.00000000e-01 -1.30431317e-06 
 1.01000000e-01  5.00000000e-01 -1.30430501e-06 
 1.02000000e-01  5.00000000e-01 -1.30429660e-06 
 1.03000000e-01  5.00000000e-01 -1.30428791e-06 
 1.04000000e-01  5.00000000e-01 -1.30427899e-06 
 1.05000000e-01  5.00000000e-01 -1.30426979e-06 
 1.06000000e-01  5.00000000e-01 -1.30426034e-06 
 1.07000000e-01  5.00000000e-01 -1.30425062e-06 
 1.08000000e-01  5.00000000e-01 -1.30424059e-06 
 1.09000000e-01  5.00000000e-01 -1.30423027e-06 
 1.10000000e-01  5.00000000e-01 -1.30421967e-06 
 1.11000000e-01  5.00000000e-01 -1.30420872e-06 
 1.12000000e-01  5.00000000e-01 -1.30419749e-06 
 1.13000000e-01  5.00000000e-01 -1.30418590e-06 
 1.14000000e-01  5.00000000e-01 -1.30417401e-06 
 1.15000000e-01  5.00000000e-01 -1.30416174e-06 
 1.16000000e-01  5.00000000e-01 -1.30414913e-06 
 1.17000000e-01  5.00000000e-01 -1.30413613e-06 
 1.18000000e-01  5.00000000e-01 -1.30412278e-06 
 1.19000000e-01  5.00000000e-01 -1.30410907e-06 
 1.20000000e-01  5.00000000e-01 -1.30409490e-06 
 1.21000000e-01  5.00000000e-01 -1.30408036e-06 
 1.22000000e-01  5.00000000e-01 -1.30406539e-06 
 1.23000000e-01  5.00000000e-01 -1.30405000e-06 
 1.24000000e-01  5.00000000e-01 -1.30403416e-06 
 1.25000000e-01  5.00000000e-01 -1.30401789e-06 
 1.26000000e-01  5.00000000e-01 -1.30400113e-06 
 1.27000000e-01  5.00000000e-01 -1.30398390e-06 
 1.28000000e-01  5.00000000e-01 -1.30396616e-06 
 1.29000000e-01  5.00000000e-01 -1.30394793e-06 
 1.30000000e-01  5.00000000e-01 -1.30392919e-06 
 1.31000000e-01  5.00000000e-01 -1.30390990e-06 
 1.32000000e-01  5.00000000e-01 -1.30389010e-06 
 1.33000000e-01  5.00000000e-01 -1.30386971e-06 
 1.34000000e-01  5.00000000e-01 -1.30384877e-06 
 1.35000000e-01  5.00000000e-01 -1.30382723e-06 
 1.36000000e-01  5.00000000e-01 -1.30380509e-06 
 1.37000000e-01  5.00000000e-01 -1.30378234e-06 
 1.38000000e-01  5.00000000e-01 -1.30375891e-06 
 1.39000000e-01  5.00000000e-01 -1.30373485e-06 
 1.40000000e-01  5.00000000e-01 -1.30371013e-06 
 1.41000000e-01  5.00000000e-01 -1.30368472e-06 
 1.42000000e-01  5.00000000e-01 -1.30365860e-06 
 1.43000000e-01  5.00000000e-01 -1.30363177e-06 
 1.44000000e-01  5.00000000e-01 -1.30360419e-06 
 1.45000000e-01  5.00000000e-01 -1.30357584e-06 
 1.46000000e-01  5.00000000e-01 -1.30354673e-06 
 1.47000000e-01  5.00000000e-01 -1.30351680e-06 
 1.48000000e-01  5.00000000e-01 -1.30348606e-06 
 1.49000000e-01  5.00000000e-01 -1.30345449e-06 
 1.50000000e-01  5.00000000e-01 -1.30342206e-06 
 1.51000000e-01  5.00000000e-01 -1.30338874e-06 
 1.52000000e-01  5.00000000e-01 -1.30335451e-06 
 1.53000000e-01  5.00000000e-01 -1.30331938e-06 
 1.54000000e-01  5.00000000e-01 -1.30328329e-06 
 1.55000000e-01  5.00000000e-01 -1.30324621e-06 
 1.56000000e-01  5.00000000e-01 -1.30320813e-06 
 1.57000000e-01  5.00000000e-01 -1.30316907e-06 
 1.58000000e-01  5.00000000e-01 -1.30312894e-06 
 1.59000000e-01  5.00000000e-01 -1.30308772e-06 
 1.60000000e-01  5.00000000e-01 -1.30304543e-06 
 1.61000000e-01  5.00000000e-01 -1.30300202e-06 
 1.62000000e-01  5.00000000e-01 -1.30295744e-06 
 1.63000000e-01  5.00000000e-01 -1.30291169e-06 
 1.64000000e-01  5.00000000e-01 -1.30286474e-06 
 1.65000000e-01  5.00000000e-01 -1.30281655e-06 
 1.66000000e-01  5.00000000e-01 -1.30276708e-06 
 1.67000000e-01  5.00000000e-01 -1.30271637e-06 
 1.68000000e-01  5.00000000e-01 -1.30266427e-06 
 1.69000000e-01  5.00000000e-01 -1.30261085e-06 
 1.70000000e-01  5.00000000e-01 -1.30255607e-06 
 1.71000000e-01  5.00000000e-01 -1.30249983e-06 
 1.72000000e-01  5.00000000e-01 -1.30244213e-06 
 1.73000000e-01  5.00000000e-01 -1.30238300e-06 
 1.74000000e-01  5.00000000e-01 -1.30232231e-06 
 1.75000000e-01  5.00000000e-01 -1.30226007e-06 
 1.76000000e-01  5.00000000e-01 -1.30219625e-06 
 1.77000000e-01  5.00000000e-01 -1.30213083e-06 
 1.78000000e-01  5.00000000e-01 -1.30206371e-06 
 1.79000000e-01  5.00000000e-01 -1.30199492e-06 
 1.80000000e-01  5.00000000e-01 -1.30192439e-06 
 1.81000000e-01  5.00000000e-01 -1.30185207e-06 
 1.82000000e-01  5.00000000e-01 -1.30177796e-06 
 1.83000000e-01  5.00000000e-01 -1.30170198e-06 
 1.84000000e-01  5.00000000e-01 -1.30162411e-06 
 1.85000000e-01  5.00000000e-01 -1.30154430e-06 
 1.86000000e-01  5.00000000e-01 -1.30146252e-06 
 1.87000000e-01  5.00000000e-01 -1.30137874e-06 
 1.88000000e-01  5.00000000e-01 -1.30129286e-06 
 1.89000000e-01  5.00000000e-01 -1.30120489e-06 
 1.90000000e-01  5.00000000e-01 -1.30111477e-06 
 1.91000000e-01  5.00000000e-01 -1.30102245e-06 
 1.92000000e-01  5.00000000e-01 -1.30092788e-06 
 1.93000000e-01  5.00000000e-01 -1.30083102e-06 
 1.94000000e-01  5.00000000e-01 -1.30073184e-06 
 1.95000000e-01  5.00000000e-01 -1.30063023e-06 
 1.96000000e-01  5.00000000e-01 -1.30052623e-06 
 1.97000000e-01  5.00000000e-01 -1.30041968e-06 
 1.98000000e-01  5.00000000e-01 -1.30031065e-06 
 1.99000000e-01  5.00000000e-01 -1.30019899e-06 
 2.00000000e-01  5.00000000e-01 -1.30008470e-06 
 2.01000000e-01  5.00000000e-01 -1.29996771e-06 
 2.02000000e-01  5.00000000e-01 -1.29984796e-06 
 2.03000000e-01  5.00000000e-01 -1.29972541e-06 
 2.04000000e-01  5.00000000e-01 -1.29960000e-06 
 2.05000000e-01  5.00000000e-01 -1.29947167e-06 
 2.06000000e-01  5.00000000e-01 -1.29934034e-06 
 2.07000000e-01  5.00000000e-01 -1.29920599e-06 
 2.08000000e-01  5.00000000e-01 -1.29906853e-06 
 2.09000000e-01  5.00000000e-01 -1.29892792e-06 
 2.10000000e-01  5.00000000e-01 -1.29878410e-06 
 2.11000000e-01  5.00000000e-01 -1.29863699e-06 
 2.12000000e-01  5.00000000e-01 -1.29848653e-06 
 2.13000000e-01  5.00000000e-01 -1.29833267e-06 
 2.14000000e-01  5.00000000e-01 -1.29817531e-06 
 2.15000000e-01  5.00000000e-01 -1.29801444e-06 
 2.16000000e-01  5.00000000e-01 -1.29784996e-06 
 2.17000000e-01  5.00000000e-01 -1.29768179e-06 
 2.18000000e-01  5.00000000e-01 -1.29750990e-06 
 2.19000000e-01  5.00000000e-01 -1.29733418e-06 
 2.20000000e-01  5.00000000e-01 -1.29715461e-06 
 2.21000000e-01  5.00000000e-01 -1.29697105e-06 
 2.22000000e-01  5.00000000e-01 -1.29678346e-06 
 2.23000000e-01  5.00000000e-01 -1.29659180e-06 
 2.24000000e-01  5.00000000e-01 -1.29639595e-06 
 2.25000000e-01  5.00000000e-01 -1.29619585e-06 
 2.26000000e-01  5.00000000e-01 -1.29599145e-06 
 2.27000000e-01  5.00000000e-01 -1.29578262e-06 
 2.28000000e-01  5.00000000e-01 -1.29556931e-06 
 2.29000000e-01  5.00000000e-01 -1.29535145e-06 
 2.30000000e-01  5.00000000e-01 -1.29512893e-06 
 2.31000000e-01  5.00000000e-01 -1.29490172e-06 
 2.32000000e-01  5.00000000e-01 -1.29466971e-06 
 2.33000000e-01  5.00000000e-01 -1.29443280e-06 
 2.34000000e-01  5.00000000e-01 -1.29419089e-06 
 2.35000000e-01  5.00000000e-01 -1.29394397e-06 
 2.36000000e-01  5.00000000e-01 -1.29369190e-06 
 2.37000000e-01  5.00000000e-01 -1.29343457e-06 
 2.38000000e-01  5.00000000e-01 -1.29317196e-06 
 2.39000000e-01  5.00000000e-01 -1.29290390e-06 
 2.40000000e-01  5.00000000e-01 -1.29263038e-06 
 2.41000000e-01  5.00000000e-01 -1.29235125e-06 
 2.42000000e-01  5.00000000e-01 -1.29206644e-06 
 2.43000000e-01  5.00000000e-01 -1.29177586e-06 
 2.44000000e-01  5.00000000e-01 -1.29147941e-06 
 2.45000000e-01  5.00000000e-01 -1.29117699e-06 
 2.46000000e-01  5.00000000e-01 -1.29086851e-06 
 2.47000000e-01  5.00000000e-01 -1.29055385e-06 
 2.48000000e-01  5.00000000e-01 -1.29023293e-06 
 2.49000000e-01  5.00000000e-01 -1.28990568e-06 
 2.50000000e-01  5.00000000e-01 -1.28957193e-06 
 2.51000000e-01  5.00000000e-01 -1.28923163e-06 
 2.52000000e-01  5.00000000e-01 -1.28888463e-06 
 2.53000000e-01  5.00000000e-01 -1.28853087e-06 
 2.54000000e-01  5.00000000e-01 -1.28817024e-06 
 2.55000000e-01  5.00000000e-01 -1.28780260e-06 
 2.56000000e-01  5.00000000e-01 -1.28742787e-06 
 2.57000000e-01  5.00000000e-01 -1.28704594e-06 
 2.58000000e-01  5.00000000e-01 -1.28665667e-06 
 2.59000000e-01  5.00000000e-01 -1.28625998e-06 
 2.60000000e-01  5.00000000e-01 -1.28585573e-06 
 2.61000000e-01  5.00000000e-01 -1.28544383e-06 
 2.62000000e-01  5.00000000e-01 -1.28502417e-06 
 2.63000000e-01  5.00000000e-01 -1.28459659e-06 
 2.64000000e-01  5.00000000e-01 -1.28416099e-06 
 2.65000000e-01  5.00000000e-01 -1.28371726e-06 
 2.66000000e-01  5.00000000e-01 -1.28326527e-06 
 2.67000000e-01  5.00000000e-01 -1.28280492e-06 
 2.68000000e-01  5.00000000e-01 -1.28233605e-06 
 2.69000000e-01  5.00000000e-01 -1.28185855e-06 
 2.70000000e-01  5.00000000e-01 -1.28137232e-06 
 2.71000000e-01  5.00000000e-01 -1.28087719e-06 
 2.72000000e-01  5.00000000e-01 -1.28037305e-06 
 2.73000000e-01  5.00000000e-01 -1.27985977e-06 
 2.74000000e-01  5.00000000e-01 -1.27933723e-06 
 2.75000000e-01  5.00000000e-01 -1.27880525e-06 
 2.76000000e-01  5.00000000e-01 -1.27826376e-06 
 2.77000000e-01  5.00000000e-01 -1.27771258e-06 
 2.78000000e-01  5.00000000e-01 -1.27715160e-06 
 2.79000000e-01  5.00000000e-01 -1.27658065e-06 
 2.80000000e-01  5.00000000e-01 -1.27599961e-06 
 2.81000000e-01  5.00000000e-01 -1.27540834e-06 
 2.82000000e-01  5.00000000e-01 -1.27480669e-06 
 2.83000000e-01  5.00000000e-01 -1.27419449e-06 
 2.84000000e-01  5.00000000e-01 -1.27357164e-06 
 2.85000000e-01  5.00000000e-01 -1.27293796e-06 
 2.86000000e-01  5.00000000e-01 -1.27229331e-06 
 2.87000000e-01  5.00000000e-01 -1.27163759e-06 
 2.88000000e-01  5.00000000e-01 -1.27097056e-06 
 2.89000000e-01  5.00000000e-01 -1.27029210e-06 
 2.90000000e-01  5.00000000e-01 -1.26960208e-06 
 2.91000000e-01  5.00000000e-01 -1.26890031e-06 
 2.92000000e-01  5.00000000e-01 -1.26818667e-06 
 2.93000000e-01  5.00000000e-01 -1.26746096e-06 
 2.94000000e-01  5.00000000e-01 -1.26672303e-06 
 2.95000000e-01  5.00000000e-01 -1.26597275e-06 
 2.96000000e-01  5.00000000e-01 -1.26520990e-06 
 2.97000000e-01  5.00000000e-01 -1.26443433e-06 
 2.98000000e-01  5.00000000e-01 -1.26364591e-06 
 2.99000000e-01  5.00000000e-01 -1.26284442e-06 
 3.00000000e-01  5.00000000e-01 -1.26202975e-06 
 3.01000000e-01  5.00000000e-01 -1.26120166e-06 
 3.02000000e-01  5.00000000e-01 -1.26036003e-06 
 3.03000000e-01  5.00000000e-01 -1.25950464e-06 
 3.04000000e-01  5.00000000e-01 -1.25863534e-06 
 3.05000000e-01  5.00000000e-01 -1.25775194e-06 
 3.06000000e-01  5.00000000e-01 -1.25685428e-06 
 3.07000000e-01  5.00000000e-01 -1.25594215e-06 
 3.08000000e-01  5.00000000e-01 -1.25501538e-06 
 3.09000000e-01  5.00000000e-01 -1.25407379e-06 
 3.10000000e-01  5.00000000e-01 -1.25311715e-06 
 3.11000000e-01  5.00000000e-01 -1.25214533e-06 
 3.12000000e-01  5.00000000e-01 -1.25115811e-06 
 3.13000000e-01  5.00000000e-01 -1.25015532e-06 
 3.14000000e-01  5.00000000e-01 -1.24913673e-06 
 3.15000000e-01  5.00000000e-01 -1.24810218e-06 
 3.16000000e-01  5.00000000e-01 -1.24705141e-06 
 3.17000000e-01  5.00000000e-01 -1.24598431e-06 
 3.18000000e-01  5.00000000e-01 -1.24490060e-06 
 3.19000000e-01  5.00000000e-01 -1.24380015e-06 
 3.20000000e-01  5.00000000e-01 -1.24268267e-06 
 3.21000000e-01  5.00000000e-01 -1.24154803e-06 
 3.22000000e-01  5.00000000e-01 -1.24039599e-06 
 3.23000000e-01  5.00000000e-01 -1.23922632e-06 
 3.24000000e-01  5.00000000e-01 -1.23803887e-06 
 3.25000000e-01  5.00000000e-01 -1.23683335e-06 
 3.26000000e-01  5.00000000e-01 -1.23560962e-06 
 3.27000000e-01  5.00000000e-01 -1.23436741e-06 
 3.28000000e-01  5.00000000e-01 -1.23310652e-06 
 3.29000000e-01  5.00000000e-01 -1.23182673e-06 
 3.30000000e-01  5.00000000e-01 -1.23052780e-06 
 3.31000000e-01  5.00000000e-01 -1.22920955e-06 
 3.32000000e-01  5.00000000e-01 -1.22787172e-06 
 3.33000000e-01  5.00000000e-01 -1.22651409e-06 
 3.34000000e-01  5.00000000e-01 -1.22513644e-06 
 3.35000000e-01  5.00000000e-01 -1.22373855e-06 
 3.36000000e-01  5.00000000e-01 -1.22232014e-06 
 3.37000000e-01  5.00000000e-01 -1.22088103e-06 
 3.38000000e-01  5.00000000e-01 -1.21942094e-06 
 3.39000000e-01  5.00000000e-01 -1.21793967e-06 
 3.40000000e-01  5.00000000e-01 -1.21643697e-06 
 3.41000000e-01  5.00000000e-01 -1.21491259e-06 
 3.42000000e-01  5.00000000e-01 -1.21336628e-06 
 3.43000000e-01  5.00000000e-01 -1.21179783e-06 
 3.44000000e-01  5.00000000e-01 -1.21020694e-06 
 3.45000000e-01  5.00000000e-01 -1.20859342e-06 
 3.46000000e-01  5.00000000e-01 -1.20695700e-06 
 3.47000000e-01  5.00000000e-01 -1.20529734e-06 
 3.48000000e-01  5.00000000e-01 -1.20361432e-06 
 3.49000000e-01  5.00000000e-01 -1.20190760e-06 
 3.50000000e-01  5.00000000e-01 -1.20017693e-06 
 3.51000000e-01  5.00000000e-01 -1.19842207e-06 
 3.52000000e-01  5.00000000e-01 -1.19664272e-06 
 3.53000000e-01  5.00000000e-01 -1.19483861e-06 
 3.54000000e-01  5.00000000e-01 -1.19300945e-06 
 3.55000000e-01  5.00000000e-01 -1.19115495e-06 
 3.56000000e-01  5.00000000e-01 -1.18927485e-06 
 3.57000000e-01  5.00000000e-01 -1.18736880e-06 
 3.58000000e-01  5.00000000e-01 -1.18543649e-06 
 3.59000000e-01  5.00000000e-01 -1.18347763e-06 
 3.60000000e-01  5.00000000e-01 -1.18149178e-06 
 3.61000000e-01  5.00000000e-01 -1.17947864e-06 
 3.62000000e-01  5.00000000e-01 -1.17743774e-06 
 3.63000000e-01  5.00000000e-01 -1.17536868e-06 
 3.64000000e-01  5.00000000e-01 -1.17327093e-06 
 3.65000000e-01  5.00000000e-01 -1.17114396e-06 
 3.66000000e-01  5.00000000e-01 -1.16898715e-06 
 3.67000000e-01  5.00000000e-01 -1.16679976e-06 
 3.68000000e-01  5.00000000e-01 -1.16458092e-06 
 3.69000000e-01  5.00000000e-01 -1.16232962e-06 
 3.70000000e-01  5.00000000e-01 -1.16004463e-06 
 3.71000000e-01  5.00000000e-01 -1.15772452e-06 
 3.72000000e-01  5.00000000e-01 -1.15536745e-06 
 3.73000000e-01  5.00000000e-01 -1.15297137e-06 
 3.74000000e-01  5.00000000e-01 -1.15053355e-06 
 3.75000000e-01  5.00000000e-01 -1.14805084e-06 
 3.76000000e-01  5.00000000e-01 -1.14551937e-06 
 3.77000000e-01  5.00000000e-01 -1.14293449e-06 
 3.78000000e-01  5.00000000e-01 -1.14029061e-06 
 3.79000000e-01  5.00000000e-01 -1.13758120e-06 
 3.80000000e-01  5.00000000e-01 -1.13479867e-06 
 3.81000000e-01  5.00000000e-01 -1.13193434e-06 
 3.82000000e-01  5.00000000e-01 -1.12897863e-06 
 3.83000000e-01  5.00000000e-01 -1.12592123e-06 
 3.84000000e-01  5.00000000e-01 -1.12275136e-06 
 3.85000000e-01  5.00000000e-01 -1.11945823e-06 
 3.86000000e-01  5.00000000e-01 -1.11603149e-06 
 3.87000000e-01  5.00000000e-01 -1.11246165e-06 
 3.88000000e-01  5.00000000e-01 -1.10874058e-06 
 3.89000000e-01  5.00000000e-01 -1.10486177e-06 
 3.90000000e-01  5.00000000e-01 -1.10082045e-06 
 3.91000000e-01  5.00000000e-01 -1.09661377e-06 
 3.92000000e-01  5.00000000e-01 -1.09224039e-06 
 3.93000000e-01  5.00000000e-01 -1.08770053e-06 
 3.94000000e-01  5.00000000e-01 -1.08299565e-06 
 3.95000000e-01  5.00000000e-01 -1.07812798e-06 
 3.96000000e-01  5.00000000e-01 -1.07310051e-06 
 3.97000000e-01  5.00000000e-01 -1.06791664e-06 
 3.98000000e-01  5.00000000e-01 -1.06257994e-06 
 3.99000000e-01  5.00000000e-01 -1.05709416e-06 
 4.00000000e-01  5.00000000e-01 -1.05146288e-06 
 4.01000000e-01  5.00000000e-01 -1.04568966e-06 
 4.02000000e-01  5.00000000e-01 -1.03977791e-06 
 4.03000000e-01  5.00000000e-01 -1.03373078e-06 
 4.04000000e-01  5.00000000e-01 -1.02755130e-06 
 4.05000000e-01  5.00000000e-01 -1.02124216e-06 
 4.06000000e-01  5.00000000e-01 -1.01480597e-06 
 4.07000000e-01  5.00000000e-01 -1.00824502e-06 
 4.08000000e-01  5.00000000e-01 -1.00156150e-06 
 4.09000000e-01  5.00000000e-01 -9.94757364e-07 
 4.10000000e-01  5.00000000e-01 -9.87834365e-07 
 4.11000000e-01  5.00000000e-01 -9.80794248e-07 
 4.12000000e-01  5.00000000e-01 -9.73638411e-07 
 4.13000000e-01  5.00000000e-01 -9.66368354e-07 
 4.14000000e-01  5.00000000e-01 -9.58985247e-07 
 4.15000000e-01  5.00000000e-01 -9.51490357e-07 
 4.16000000e-01  5.00000000e-01 -9.43884697e-07 
 4.17000000e-01  5.00000000e-01 -9.36169297e-07 
 4.18000000e-01  5.00000000e-01 -9.28345099e-07 
 4.19000000e-01  5.00000000e-01 -9.20412980e-07 
 4.20000000e-01  5.00000000e-01 -9.12373725e-07 
 4.21000000e-01  5.00000000e-01 -9.04228184e-07 
 4.22000000e-01  5.00000000e-01 -8.95977013e-07 
 4.23000000e-01  5.00000000e-01 -8.87620960e-07 
 4.24000000e-01  5.00000000e-01 -8.79160677e-07 
 4.25000000e-01  5.00000000e-01 -8.70596871e-07 
 4.26000000e-01  5.00000000e-01 -8.61930083e-07 
 4.27000000e-01  5.00000000e-01 -8.53161005e-07 
 4.28000000e-01  5.00000000e-01 -8.44290241e-07 
 4.29000000e-01  5.00000000e-01 -8.35318371e-07 
 4.30000000e-01  5.00000000e-01 -8.26245984e-07 
 4.31000000e-01  5.00000000e-01 -8.17073758e-07 
 4.32000000e-01  5.00000000e-01 -8.07802259e-07 
 4.33000000e-01  5.00000000e-01 -7.98432076e-07 
 4.34000000e-01  5.00000000e-01 -7.88963828e-07 
 4.35000000e-01  5.00000000e-01 -7.79398192e-07 
 4.36000000e-01  5.00000000e-01 -7.69735742e-07 
 4.37000000e-01  5.00000000e-01 -7.59977258e-07 
 4.38000000e-01  5.00000000e-01 -7.50123270e-07 
 4.39000000e-01  5.00000000e-01 -7.40174546e-07 
 4.40000000e-01  5.00000000e-01 -7.30131820e-07 
 4.41000000e-01  5.00000000e-01 -7.19995789e-07 
 4.42000000e-01  5.00000000e-01 -7.09767178e-07 
 4.43000000e-01  5.00000000e-01 -6.99446833e-07 
 4.44000000e-01  5.00000000e-01 -6.89035534e-07 
 4.45000000e-01  5.00000000e-01 -6.78534089e-07 
 4.46000000e-01  5.00000000e-01 -6.67943386e-07 
 4.47000000e-01  5.00000000e-01 -6.57264273e-07 
 4.48000000e-01  5.00000000e-01 -6.46497700e-07 
 4.49000000e-01  5.00000000e-01 -6.35644568e-07 
 4.50000000e-01  5.00000000e-01 -6.24705859e-07 
 4.51000000e-01  5.00000000e-01 -6.13682612e-07 
 4.52000000e-01  5.00000000e-01 -6.02575820e-07 
 4.53000000e-01  5.00000000e-01 -5.91386545e-07 
 4.54000000e-01  5.00000000e-01 -5.80115898e-07 
 4.55000000e-01  5.00000000e-01 -5.68765003e-07 
 4.56000000e-01  5.00000000e-01 -5.57334989e-07 
 4.57000000e-01  5.00000000e-01 -5.45827092e-07 
 4.58000000e-01  5.00000000e-01 -5.34242538e-07 
 4.59000000e-01  5.00000000e-01 -5.22582543e-07 
 4.60000000e-01  5.00000000e-01 -5.10848412e-07 
 4.61000000e-01  5.00000000e-01 -4.99041477e-07 
 4.62000000e-01  5.00000000e-01 -4.87163085e-07 
 4.63000000e-01  5.00000000e-01 -4.75214634e-07 
 4.64000000e-01  5.00000000e-01 -4.63197548e-07 
 4.65000000e-01  5.00000000e-01 -4.51113280e-07 
 4.66000000e-01  5.00000000e-01 -4.38963337e-07 
 4.67000000e-01  5.00000000e-01 -4.26749153e-07 
 4.68000000e-01  5.00000000e-01 -4.14472382e-07 
 4.69000000e-01  5.00000000e-01 -4.02134543e-07 
 4.70000000e-01  5.00000000e-01 -3.89737256e-07 
 4.71000000e-01  5.00000000e-01 -3.77282181e-07 
 4.72000000e-01  5.00000000e-01 -3.64770990e-07 
 4.73000000e-01  5.00000000e-01 -3.52205365e-07 
 4.74000000e-01  5.00000000e-01 -3.39587068e-07 
 4.75000000e-01  5.00000000e-01 -3.26917789e-07 
 4.76000000e-01  5.00000000e-01 -3.14199379e-07 
 4.77000000e-01  5.00000000e-01 -3.01433612e-07 
 4.78000000e-01  5.00000000e-01 -2.88622349e-07 
 4.79000000e-01  5.00000000e-01 -2.75767441e-07 
 4.80000000e-01  5.00000000e-01 -2.62870781e-07 
 4.81000000e-01  5.00000000e-01 -2.49934278e-07 
 4.82000000e-01  5.00000000e-01 -2.36959853e-07 
 4.83000000e-01  5.00000000e-01 -2.23949460e-07 
 4.84000000e-01  5.00000000e-01 -2.10905085e-07 
 4.85000000e-01  5.00000000e-01 -1.97828694e-07 
 4.86000000e-01  5.00000000e-01 -1.84722328e-07 
 4.87000000e-01  5.00000000e-01 -1.71587970e-07 
 4.88000000e-01  5.00000000e-01 -1.58427714e-07 
 4.89000000e-01  5.00000000e-01 -1.45243597e-07 
 4.90000000e-01  5.00000000e-01 -1.32037698e-07 
 4.91000000e-01  5.00000000e-01 -1.18812100e-07 
 4.92000000e-01  5.00000000e-01 -1.05568898e-07 
 4.93000000e-01  5.00000000e-01 -9.23101524e-08 
 4.94000000e-01  5.00000000e-01 -7.90380774e-08 
 4.95000000e-01  5.00000000e-01 -6.57546977e-08 
 4.96000000e-01  5.00000000e-01 -5.24621981e-08 
 4.97000000e-01  5.00000000e-01 -3.91627069e-08 
 4.98000000e-01  5.00000000e-01 -2.58583697e-08 
 4.99000000e-01  5.00000000e-01 -1.25512862e-08 
 5.00000000e-01  5.00000000e-01  7.56337215e-10 
 5.01000000e-01  5.00000000e-01  1.40624152e-08 
 5.02000000e-01  5.00000000e-01  2.73647665e-08 
 5.03000000e-01  5.00000000e-01  4.06612628e-08 
 5.04000000e-01  5.00000000e-01  5.39497726e-08 
 5.05000000e-01  5.00000000e-01  6.72281786e-08 
 5.06000000e-01  5.00000000e-01  8.04942921e-08 
 5.07000000e-01  5.00000000e-01  9.37460740e-08 
 5.08000000e-01  5.00000000e-01  1.06981350e-07 
 5.09000000e-01  5.00000000e-01  1.20198102e-07 
 5.10000000e-01  5.00000000e-01  1.33394167e-07 
 5.11000000e-01  5.00000000e-01  1.46567487e-07 
 5.12000000e-01  5.00000000e-01  1.59716048e-07 
 5.13000000e-01  5.00000000e-01  1.72837698e-07 
 5.14000000e-01  5.00000000e-01  1.85930499e-07 
 5.15000000e-01  5.00000000e-01  1.98992424e-07 
 5.16000000e-01  5.00000000e-01  2.12021426e-07 
 5.17000000e-01  5.00000000e-01  2.25015583e-07 
 5.18000000e-01  5.00000000e-01  2.37972898e-07 
 5.19000000e-01  5.00000000e-01  2.50891450e-07 
 5.20000000e-01  5.00000000e-01  2.63769341e-07 
 5.21000000e-01  5.00000000e-01  2.76604656e-07 
 5.22000000e-01  5.00000000e-01  2.89395537e-07 
 5.23000000e-01  5.00000000e-01  3.02140151e-07 
 5.24000000e-01  5.00000000e-01  3.14836672e-07 
 5.25000000e-01  5.00000000e-01  3.27483281e-07 
 5.26000000e-01  5.00000000e-01  3.40078262e-07 
 5.27000000e-01  5.00000000e-01  3.52619882e-07 
 5.28000000e-01  5.00000000e-01  3.65106388e-07 
 5.29000000e-01  5.00000000e-01  3.77536118e-07 
 5.30000000e-01  5.00000000e-01  3.89907473e-07 
 5.31000000e-01  5.00000000e-01  4.02218770e-07 
 5.32000000e-01  5.00000000e-01  4.14468502e-07 
 5.33000000e-01  5.00000000e-01  4.26655056e-07 
 5.34000000e-01  5.00000000e-01  4.38776912e-07 
 5.35000000e-01  5.00000000e-01  4.50832641e-07 
 5.36000000e-01  5.00000000e-01  4.62820697e-07 
 5.37000000e-01  5.00000000e-01  4.74739728e-07 
 5.38000000e-01  5.00000000e-01  4.86588327e-07 
 5.39000000e-01  5.00000000e-01  4.98365154e-07 
 5.40000000e-01  5.00000000e-01  5.10068872e-07 
 5.41000000e-01  5.00000000e-01  5.21698190e-07 
 5.42000000e-01  5.00000000e-01  5.33251853e-07 
 5.43000000e-01  5.00000000e-01  5.44728692e-07 
 5.44000000e-01  5.00000000e-01  5.56127436e-07 
 5.45000000e-01  5.00000000e-01  5.67446993e-07 
 5.46000000e-01  5.00000000e-01  5.78686272e-07 
 5.47000000e-01  5.00000000e-01  5.89844152e-07 
 5.48000000e-01  5.00000000e-01  6.00919567e-07 
 5.49000000e-01  5.00000000e-01  6.11911528e-07 
 5.50000000e-01  5.00000000e-01  6.22819066e-07 
 5.51000000e-01  5.00000000e-01  6.33641235e-07 
 5.52000000e-01  5.00000000e-01  6.44377071e-07 
 5.53000000e-01  5.00000000e-01  6.55025733e-07 
 5.54000000e-01  5.00000000e-01  6.65586349e-07 
 5.55000000e-01  5.00000000e-01  6.76058146e-07 
 5.56000000e-01  5.00000000e-01  6.86440277e-07 
 5.57000000e-01  5.00000000e-01  6.96731984e-07 
 5.58000000e-01  5.00000000e-01  7.06932568e-07 
 5.59000000e-01  5.00000000e-01  7.17041249e-07 
 5.60000000e-01  5.00000000e-01  7.27057454e-07 
 5.61000000e-01  5.00000000e-01  7.36980457e-07 
 5.62000000e-01  5.00000000e-01  7.46809700e-07 
 5.63000000e-01  5.00000000e-01  7.56544516e-07 
 5.64000000e-01  5.00000000e-01  7.66184382e-07 
 5.65000000e-01  5.00000000e-01  7.75728619e-07 
 5.66000000e-01  5.00000000e-01  7.85176866e-07 
 5.67000000e-01  5.00000000e-01  7.94528496e-07 
 5.68000000e-01  5.00000000e-01  8.03783088e-07 
 5.69000000e-01  5.00000000e-01  8.12940101e-07 
 5.70000000e-01  5.00000000e-01  8.21999041e-07 
 5.71000000e-01  5.00000000e-01  8.30959529e-07 
 5.72000000e-01  5.00000000e-01  8.39821070e-07 
 5.73000000e-01  5.00000000e-01  8.48583298e-07 
 5.74000000e-01  5.00000000e-01  8.57245745e-07 
 5.75000000e-01  5.00000000e-01  8.65807962e-07 
 5.76000000e-01  5.00000000e-01  8.74269631e-07 
 5.77000000e-01  5.00000000e-01  8.82630253e-07 
 5.78000000e-01  5.00000000e-01  8.90889396e-07 
 5.79000000e-01  5.00000000e-01  8.99046697e-07 
 5.80000000e-01  5.00000000e-01  9.07101700e-07 
 5.81000000e-01  5.00000000e-01  9.15053970e-07 
 5.82000000e-01  5.00000000e-01  9.22903052e-07 
 5.83000000e-01  5.00000000e-01  9.30648454e-07 
 5.84000000e-01  5.00000000e-01  9.38289624e-07 
 5.85000000e-01  5.00000000e-01  9.45826113e-07 
 5.86000000e-01  5.00000000e-01  9.53257324e-07 
 5.87000000e-01  5.00000000e-01  9.60582614e-07 
 5.88000000e-01  5.00000000e-01  9.67801437e-07 
 5.89000000e-01  5.00000000e-01  9.74912975e-07 
 5.90000000e-01  5.00000000e-01  9.81916553e-07 
 5.91000000e-01  5.00000000e-01  9.88811319e-07 
 5.92000000e-01  5.00000000e-01  9.95596359e-07 
 5.93000000e-01  5.00000000e-01  1.00227077e-06 
 5.94000000e-01  5.00000000e-01  1.00883344e-06 
 5.95000000e-01  5.00000000e-01  1.01528321e-06 
 5.96000000e-01  5.00000000e-01  1.02161885e-06 
 5.97000000e-01  5.00000000e-01  1.02783895e-06 
 5.98000000e-01  5.00000000e-01  1.03394203e-06 
 5.99000000e-01  5.00000000e-01  1.03992650e-06 
 6.00000000e-01  5.00000000e-01  1.04579056e-06 
 6.01000000e-01  5.00000000e-01  1.05153235e-06 
 6.02000000e-01  5.00000000e-01  1.05714981e-06 
 6.03000000e-01  5.00000000e-01  1.06264079e-06 
 6.04000000e-01  5.00000000e-01  1.06800303e-06 
 6.05000000e-01  5.00000000e-01  1.07323406e-06 
 6.06000000e-01  5.00000000e-01  1.07833159e-06 
 6.07000000e-01  5.00000000e-01  1.08329303e-06 
 6.08000000e-01  5.00000000e-01  1.08811604e-06 
 6.09000000e-01  5.00000000e-01  1.09279831e-06 
 6.10000000e-01  5.00000000e-01  1.09733778e-06 
 6.11000000e-01  5.00000000e-01  1.10173283e-06 
 6.12000000e-01  5.00000000e-01  1.10598230e-06 
 6.13000000e-01  5.00000000e-01  1.11008572e-06 
 6.14000000e-01  5.00000000e-01  1.11404351e-06 
 6.15000000e-01  5.00000000e-01  1.11785711e-06 
 6.16000000e-01  5.00000000e-01  1.12152906e-06 
 6.17000000e-01  5.00000000e-01  1.12506321e-06 
 6.18000000e-01  5.00000000e-01  1.12846446e-06 
 6.19000000e-01  5.00000000e-01  1.13173902e-06 
 6.20000000e-01  5.00000000e-01  1.13489385e-06 
 6.21000000e-01  5.00000000e-01  1.13793688e-06 
 6.22000000e-01  5.00000000e-01  1.14087624e-06 
 6.23000000e-01  5.00000000e-01  1.14372025e-06 
 6.24000000e-01  5.00000000e-01  1.14647723e-06 
 6.25000000e-01  5.00000000e-01  1.14915493e-06 
 6.26000000e-01  5.00000000e-01  1.15176067e-06 
 6.27000000e-01  5.00000000e-01  1.15430108e-06 
 6.28000000e-01  5.00000000e-01  1.15678202e-06 
 6.29000000e-01  5.00000000e-01  1.15920875e-06 
 6.30000000e-01  5.00000000e-01  1.16158564e-06 
 6.31000000e-01  5.00000000e-01  1.16391666e-06 
 6.32000000e-01  5.00000000e-01  1.16620498e-06 
 6.33000000e-01  5.00000000e-01  1.16845338e-06 
 6.34000000e-01  5.00000000e-01  1.17066420e-06 
 6.35000000e-01  5.00000000e-01  1.17283939e-06 
 6.36000000e-01  5.00000000e-01  1.17498057e-06 
 6.37000000e-01  5.00000000e-01  1.17708919e-06 
 6.38000000e-01  5.00000000e-01  1.17916634e-06 
 6.39000000e-01  5.00000000e-01  1.18121309e-06 
 6.40000000e-01  5.00000000e-01  1.18323028e-06 
 6.41000000e-01  5.00000000e-01  1.18521860e-06 
 6.42000000e-01  5.00000000e-01  1.18717881e-06 
 6.43000000e-01  5.00000000e-01  1.18911143e-06 
 6.44000000e-01  5.00000000e-01  1.19101698e-06 
 6.45000000e-01  5.00000000e-01  1.19289590e-06 
 6.46000000e-01  5.00000000e-01  1.19474867e-06 
 6.47000000e-01  5.00000000e-01  1.19657568e-06 
 6.48000000e-01  5.00000000e-01  1.19837723e-06 
 6.49000000e-01  5.00000000e-01  1.20015375e-06 
 6.50000000e-01  5.00000000e-01  1.20190553e-06 
 6.51000000e-01  5.00000000e-01  1.20363288e-06 
 6.52000000e-01  5.00000000e-01  1.20533609e-06 
 6.53000000e-01  5.00000000e-01  1.20701548e-06 
 6.54000000e-01  5.00000000e-01  1.20867135e-06 
 6.55000000e-01  5.00000000e-01  1.21030390e-06 
 6.56000000e-01  5.00000000e-01  1.21191346e-06 
 6.57000000e-01  5.00000000e-01  1.21350030e-06 
 6.58000000e-01  5.00000000e-01  1.21506461e-06 
 6.59000000e-01  5.00000000e-01  1.21660674e-06 
 6.60000000e-01  5.00000000e-01  1.21812688e-06 
 6.61000000e-01  5.00000000e-01  1.21962531e-06 
 6.62000000e-01  5.00000000e-01  1.22110226e-06 
 6.63000000e-01  5.00000000e-01  1.22255796e-06 
 6.64000000e-01  5.00000000e-01  1.22399269e-06 
 6.65000000e-01  5.00000000e-01  1.22540666e-06 
 6.66000000e-01  5.00000000e-01  1.22680009e-06 
 6.67000000e-01  5.00000000e-01  1.22817324e-06 
 6.68000000e-01  5.00000000e-01  1.22952632e-06 
 6.69000000e-01  5.00000000e-01  1.23085961e-06 
 6.70000000e-01  5.00000000e-01  1.23217326e-06 
 6.71000000e-01  5.00000000e-01  1.23346756e-06 
 6.72000000e-01  5.00000000e-01  1.23474270e-06 
 6.73000000e-01  5.00000000e-01  1.23599889e-06 
 6.74000000e-01  5.00000000e-01  1.23723640e-06 
 6.75000000e-01  5.00000000e-01  1.23845543e-06 
 6.76000000e-01  5.00000000e-01  1.23965614e-06 
 6.77000000e-01  5.00000000e-01  1.24083882e-06 
 6.78000000e-01  5.00000000e-01  1.24200364e-06 
 6.79000000e-01  5.00000000e-01  1.24315085e-06 
 6.80000000e-01  5.00000000e-01  1.24428061e-06 
 6.81000000e-01  5.00000000e-01  1.24539315e-06 
 6.82000000e-01  5.00000000e-01  1.24648869e-06 
 6.83000000e-01  5.00000000e-01  1.24756740e-06 
 6.84000000e-01  5.00000000e-01  1.24862951e-06 
 6.85000000e-01  5.00000000e-01  1.24967523e-06 
 6.86000000e-01  5.00000000e-01  1.25070471e-06 
 6.87000000e-01  5.00000000e-01  1.25171818e-06 
 6.88000000e-01  5.00000000e-01  1.25271586e-06 
 6.89000000e-01  5.00000000e-01  1.25369789e-06 
 6.90000000e-01  5.00000000e-01  1.25466451e-06 
 6.91000000e-01  5.00000000e-01  1.25561588e-06 
 6.92000000e-01  5.00000000e-01  1.25655220e-06 
 6.93000000e-01  5.00000000e-01  1.25747366e-06 
 6.94000000e-01  5.00000000e-01  1.25838042e-06 
 6.95000000e-01  5.00000000e-01  1.25927271e-06 
 6.96000000e-01  5.00000000e-01  1.26015068e-06 
 6.97000000e-01  5.00000000e-01  1.26101452e-06 
 6.98000000e-01  5.00000000e-01  1.26186438e-06 
 6.99000000e-01  5.00000000e-01  1.26270050e-06 
 7.00000000e-01  5.00000000e-01  1.26352300e-06 
 7.01000000e-01  5.00000000e-01  1.26433210e-06 
 7.02000000e-01  5.00000000e-01  1.26512791e-06 
 7.03000000e-01  5.00000000e-01  1.26591066e-06 
 7.04000000e-01  5.00000000e-01  1.26668048e-06 
 7.05000000e-01  5.00000000e-01  1.26743756e-06 
 7.06000000e-01  5.00000000e-01  1.26818210e-06 
 7.07000000e-01  5.00000000e-01  1.26891417e-06 
 7.08000000e-01  5.00000000e-01  1.26963402e-06 
 7.09000000e-01  5.00000000e-01  1.27034177e-06 
 7.10000000e-01  5.00000000e-01  1.27103760e-06 
 7.11000000e-01  5.00000000e-01  1.27172164e-06 
 7.12000000e-01  5.00000000e-01  1.27239409e-06 
 7.13000000e-01  5.00000000e-01  1.27305507e-06 
 7.14000000e-01  5.00000000e-01  1.27370475e-06 
 7.15000000e-01  5.00000000e-01  1.27434327e-06 
 7.16000000e-01  5.00000000e-01  1.27497082e-06 
 7.17000000e-01  5.00000000e-01  1.27558749e-06 
 7.18000000e-01  5.00000000e-01  1.27619346e-06 
 7.19000000e-01  5.00000000e-01  1.27678888e-06 
 7.20000000e-01  5.00000000e-01  1.27737389e-06 
 7.21000000e-01  5.00000000e-01  1.27794865e-06 
 7.22000000e-01  5.00000000e-01  1.27851327e-06 
 7.23000000e-01  5.00000000e-01  1.27906793e-06 
 7.24000000e-01  5.00000000e-01  1.27961275e-06 
 7.25000000e-01  5.00000000e-01  1.28014784e-06 
 7.26000000e-01  5.00000000e-01  1.28067337e-06 
 7.27000000e-01  5.00000000e-01  1.28118950e-06 
 7.28000000e-01  5.00000000e-01  1.28169629e-06 
 7.29000000e-01  5.00000000e-01  1.28219396e-06 
 7.30000000e-01  5.00000000e-01  1.28268257e-06 
 7.31000000e-01  5.00000000e-01  1.28316229e-06 
 7.32000000e-01  5.00000000e-01  1.28363323e-06 
 7.33000000e-01  5.00000000e-01  1.28409554e-06 
 7.34000000e-01  5.00000000e-01  1.28454932e-06 
 7.35000000e-01  5.00000000e-01  1.28499473e-06 
 7.36000000e-01  5.00000000e-01  1.28543186e-06 
 7.37000000e-01  5.00000000e-01  1.28586085e-06 
 7.38000000e-01  5.00000000e-01  1.28628180e-06 
 7.39000000e-01  5.00000000e-01  1.28669485e-06 
 7.40000000e-01  5.00000000e-01  1.28710016e-06 
 7.41000000e-01  5.00000000e-01  1.28749776e-06 
 7.42000000e-01  5.00000000e-01  1.28788782e-06 
 7.43000000e-01  5.00000000e-01  1.28827045e-06 
 7.44000000e-01  5.00000000e-01  1.28864574e-06 
 7.45000000e-01  5.00000000e-01  1.28901384e-06 
 7.46000000e-01  5.00000000e-01  1.28937483e-06 
 7.47000000e-01  5.00000000e-01  1.28972886e-06 
 7.48000000e-01  5.00000000e-01  1.29007599e-06 
 7.49000000e-01  5.00000000e-01  1.29041634e-06 
 7.50000000e-01  5.00000000e-01  1.29075005e-06 
 7.51000000e-01  5.00000000e-01  1.29107716e-06 
 7.52000000e-01  5.00000000e-01  1.29139787e-06 
 7.53000000e-01  5.00000000e-01  1.29171222e-06 
 7.54000000e-01  5.00000000e-01  1.29202031e-06 
 7.55000000e-01  5.00000000e-01  1.29232225e-06 
 7.56000000e-01  5.00000000e-01  1.29261814e-06 
 7.57000000e-01  5.00000000e-01  1.29290810e-06 
 7.58000000e-01  5.00000000e-01  1.29319219e-06 
 7.59000000e-01  5.00000000e-01  1.29347055e-06 
 7.60000000e-01  5.00000000e-01  1.29374321e-06 
 7.61000000e-01  5.00000000e-01  1.29401035e-06 
 7.62000000e-01  5.00000000e-01  1.29427201e-06 
 7.63000000e-01  5.00000000e-01  1.29452829e-06 
 7.64000000e-01  5.00000000e-01  1.29477926e-06 
 7.65000000e-01  5.00000000e-01  1.29502503e-06 
 7.66000000e-01  5.00000000e-01  1.29526571e-06 
 7.67000000e-01  5.00000000e-01  1.29550137e-06 
 7.68000000e-01  5.00000000e-01  1.29573210e-06 
 7.69000000e-01  5.00000000e-01  1.29595793e-06 
 7.70000000e-01  5.00000000e-01  1.29617906e-06 
 7.71000000e-01  5.00000000e-01  1.29639545e-06 
 7.72000000e-01  5.00000000e-01  1.29660728e-06 
 7.73000000e-01  5.00000000e-01  1.29681458e-06 
 7.74000000e-01  5.00000000e-01  1.29701747e-06 
 7.75000000e-01  5.00000000e-01  1.29721597e-06 
 7.76000000e-01  5.00000000e-01  1.29741020e-06 
 7.77000000e-01  5.00000000e-01  1.29760021e-06 
 7.78000000e-01  5.00000000e-01  1.29778611e-06 
 7.79000000e-01  5.00000000e-01  1.29796794e-06 
 7.80000000e-01  5.00000000e-01  1.29814581e-06 
 7.81000000e-01  5.00000000e-01  1.29831978e-06 
 7.82000000e-01  5.00000000e-01  1.29848992e-06 
 7.83000000e-01  5.00000000e-01  1.29865629e-06 
 7.84000000e-01  5.00000000e-01  1.29881897e-06 
 7.85000000e-01  5.00000000e-01  1.29897802e-06 
 7.86000000e-01  5.00000000e-01  1.29913352e-06 
 7.87000000e-01  5.00000000e-01  1.29928555e-06 
 7.88000000e-01  5.00000000e-01  1.29943415e-06 
 7.89000000e-01  5.00000000e-01  1.29957942e-06 
 7.90000000e-01  5.00000000e-01  1.29972138e-06 
 7.91000000e-01  5.00000000e-01  1.29986014e-06 
 7.92000000e-01  5.00000000e-01  1.29999569e-06 
 7.93000000e-01  5.00000000e-01  1.30012816e-06 
 7.94000000e-01  5.00000000e-01  1.30025760e-06 
 7.95000000e-01  5.00000000e-01  1.30038408e-06 
 7.96000000e-01  5.00000000e-01  1.30050762e-06 
 7.97000000e-01  5.00000000e-01  1.30062830e-06 
 7.98000000e-01  5.00000000e-01  1.30074616e-06 
 7.99000000e-01  5.00000000e-01  1.30086129e-06 
 8.00000000e-01  5.00000000e-01  1.30097371e-06 
 8.01000000e-01  5.00000000e-01  1.30108352e-06 
 8.02000000e-01  5.00000000e-01  1.30119072e-06 
 8.03000000e-01  5.00000000e-01  1.30129542e-06 
 8.04000000e-01  5.00000000e-01  1.30139761e-06 
 8.05000000e-01  5.00000000e-01  1.30149739e-06 
 8.06000000e-01  5.00000000e-01  1.30159480e-06 
 8.07000000e-01  5.00000000e-01  1.30168986e-06 
 8.08000000e-01  5.00000000e-01  1.30178264e-06 
 8.09000000e-01  5.00000000e-01  1.30187320e-06 
 8.10000000e-01  5.00000000e-01  1.30196158e-06 
 8.11000000e-01  5.00000000e-01  1.30204784e-06 
 8.12000000e-01  5.00000000e-01  1.30213198e-06 
 8.13000000e-01  5.00000000e-01  1.30221407e-06 
 8.14000000e-01  5.00000000e-01  1.30229417e-06 
 8.15000000e-01  5.00000000e-01  1.30237230e-06 
 8.16000000e-01  5.00000000e-01  1.30244854e-06 
 8.17000000e-01  5.00000000e-01  1.30252288e-06 
 8.18000000e-01  5.00000000e-01  1.30259540e-06 
 8.19000000e-01  5.00000000e-01  1.30266612e-06 
 8.20000000e-01  5.00000000e-01  1.30273509e-06 
 8.21000000e-01  5.00000000e-01  1.30280235e-06 
 8.22000000e-01  5.00000000e-01  1.30286791e-06 
 8.23000000e-01  5.00000000e-01  1.30293185e-06 
 8.24000000e-01  5.00000000e-01  1.30299421e-06 
 8.25000000e-01  5.00000000e-01  1.30305498e-06 
 8.26000000e-01  5.00000000e-01  1.30311419e-06 
 8.27000000e-01  5.00000000e-01  1.30317193e-06 
 8.28000000e-01  5.00000000e-01  1.30322822e-06 
 8.29000000e-01  5.00000000e-01  1.30328306e-06 
 8.30000000e-01  5.00000000e-01  1.30333651e-06 
 8.31000000e-01  5.00000000e-01  1.30338861e-06 
 8.32000000e-01  5.00000000e-01  1.30343937e-06 
 8.33000000e-01  5.00000000e-01  1.30348882e-06 
 8.34000000e-01  5.00000000e-01  1.30353700e-06 
 8.35000000e-01  5.00000000e-01  1.30358395e-06 
 8.36000000e-01  5.00000000e-01  1.30362966e-06 
 8.37000000e-01  5.00000000e-01  1.30367425e-06 
 8.38000000e-01  5.00000000e-01  1.30371765e-06 
 8.39000000e-01  5.00000000e-01  1.30375991e-06 
 8.40000000e-01  5.00000000e-01  1.30380105e-06 
 8.41000000e-01  5.00000000e-01  1.30384115e-06 
 8.42000000e-01  5.00000000e-01  1.30388019e-06 
 8.43000000e-01  5.00000000e-01  1.30391820e-06 
 8.44000000e-01  5.00000000e-01  1.30395522e-06 
 8.45000000e-01  5.00000000e-01  1.30399125e-06 
 8.46000000e-01  5.00000000e-01  1.30402635e-06 
 8.47000000e-01  5.00000000e-01  1.30406053e-06 
 8.48000000e-01  5.00000000e-01  1.30409378e-06 
 8.49000000e-01  5.00000000e-01  1.30412618e-06 
 8.50000000e-01  5.00000000e-01  1.30415767e-06 
 8.51000000e-01  5.00000000e-01  1.30418834e-06 
 8.52000000e-01  5.00000000e-01  1.30421819e-06 
 8.53000000e-01  5.00000000e-01  1.30424723e-06 
 8.54000000e-01  5.00000000e-01  1.30427553e-06 
 8.55000000e-01  5.00000000e-01  1.30430303e-06 
 8.56000000e-01  5.00000000e-01  1.30432982e-06 
 8.57000000e-01  5.00000000e-01  1.30435584e-06 
 8.58000000e-01  5.00000000e-01  1.30438121e-06 
 8.59000000e-01  5.00000000e-01  1.30440587e-06 
 8.60000000e-01  5.00000000e-01  1.30442986e-06 
 8.61000000e-01  5.00000000e-01  1.30445320e-06 
 8.62000000e-01  5.00000000e-01  1.30447589e-06 
 8.63000000e-01  5.00000000e-01  1.30449800e-06 
 8.64000000e-01  5.00000000e-01  1.30451947e-06 
 8.65000000e-01  5.00000000e-01  1.30454040e-06 
 8.66000000e-01  5.00000000e-01  1.30456070e-06 
 8.67000000e-01  5.00000000e-01  1.30458048e-06 
 8.68000000e-01  5.00000000e-01  1.30459970e-06 
 8.69000000e-01  5.00000000e-01  1.30461838e-06 
 8.70000000e-01  5.00000000e-01  1.30463656e-06 
 8.71000000e-01  5.00000000e-01  1.30465423e-06 
 8.72000000e-01  5.00000000e-01  1.30467142e-06 
 8.73000000e-01  5.00000000e-01  1.30468814e-06 
 8.74000000e-01  5.00000000e-01  1.30470440e-06 
 8.75000000e-01  5.00000000e-01  1.30472017e-06 
 8.76000000e-01  5.00000000e-01  1.30473554e-06 
 8.77000000e-01  5.00000000e-01  1.30475045e-06 
 8.78000000e-01  5.00000000e-01  1.30476498e-06 
 8.79000000e-01  5.00000000e-01  1.30477907e-06 
 8.80000000e-01  5.00000000e-01  1.30479278e-06 
 8.81000000e-01  5.00000000e-01  1.30480610e-06 
 8.82000000e-01  5.00000000e-01  1.30481907e-06 
 8.83000000e-01  5.00000000e-01  1.30483165e-06 
 8.84000000e-01  5.00000000e-01  1.30484388e-06 
 8.85000000e-01  5.00000000e-01  1.30485576e-06 
 8.86000000e-01  5.00000000e-01  1.30486731e-06 
 8.87000000e-01  5.00000000e-01  1.30487853e-06 
 8.88000000e-01  5.00000000e-01  1.30488946e-06 
 8.89000000e-01  5.00000000e-01  1.30490005e-06 
 8.90000000e-01  5.00000000e-01  1.30491035e-06 
 8.91000000e-01  5.00000000e-01  1.30492037e-06 
 8.92000000e-01  5.00000000e-01  1.30493007e-06 
 8.93000000e-01  5.00000000e-01  1.30493954e-06 
 8.94000000e-01  5.00000000e-01  1.30494871e-06 
 8.95000000e-01  5.00000000e-01  1.30495761e-06 
 8.96000000e-01  5.00000000e-01  1.30496627e-06 
 8.97000000e-01  5.00000000e-01  1.30497470e-06 
 8.98000000e-01  5.00000000e-01  1.30498285e-06 
 8.99000000e-01  5.00000000e-01  1.30499080e-06 
 9.00000000e-01  5.00000000e-01  1.30499850e-06 
 9.01000000e-01  5.00000000e-01  1.30500599e-06 
 9.02000000e-01  5.00000000e-01  1.30501327e-06 
 9.03000000e-01  5.00000000e-01  1.30502034e-06 
 9.04000000e-01  5.00000000e-01  1.30502718e-06 
 9.05000000e-01  5.00000000e-01  1.30503385e-06 
 9.06000000e-01  5.00000000e-01  1.30504032e-06 
 9.07000000e-01  5.00000000e-01  1.30504661e-06 
 9.08000000e-01  5.00000000e-01  1.30505272e-06 
 9.09000000e-01  5.00000000e-01  1.30505864e-06 
 9.10000000e-01  5.00000000e-01  1.30506437e-06 
 9.11000000e-01  5.00000000e-01  1.30506996e-06 
 9.12000000e-01  5.00000000e-01  1.30507540e-06 
 9.13000000e-01  5.00000000e-01  1.30508067e-06 
 9.14000000e-01  5.00000000e-01  1.30508577e-06 
 9.15000000e-01  5.00000000e-01  1.30509073e-06 
 9.16000000e-01  5.00000000e-01  1.30509555e-06 
 9.17000000e-01  5.00000000e-01  1.30510024e-06 
 9.18000000e-01  5.00000000e-01  1.30510478e-06 
 9.19000000e-01  5.00000000e-01  1.30510917e-06 
 9.20000000e-01  5.00000000e-01  1.30511346e-06 
 9.21000000e-01  5.00000000e-01  1.30511763e-06 
 9.22000000e-01  5.00000000e-01  1.30512164e-06 
 9.23000000e-01  5.00000000e-01  1.30512559e-06 
 9.24000000e-01  5.00000000e-01  1.30512936e-06 
 9.25000000e-01  5.00000000e-01  1.30513306e-06 
 9.26000000e-01  5.00000000e-01  1.30513664e-06 
 9.27000000e-01  5.00000000e-01  1.30514014e-06 
 9.28000000e-01  5.00000000e-01  1.30514350e-06 
 9.29000000e-01  5.00000000e-01  1.30514679e-06 
 9.30000000e-01  5.00000000e-01  1.30514995e-06 
 9.31000000e-01  5.00000000e-01  1.30515302e-06 
 9.32000000e-01  5.00000000e-01  1.30515603e-06 
 9.33000000e-01  5.00000000e-01  1.30515893e-06 
 9.34000000e-01  5.00000000e-01  1.30516175e-06 
 9.35000000e-01  5.00000000e-01  1.30516448e-06 
 9.36000000e-01  5.00000000e-01  1.30516712e-06 
 9.37000000e-01  5.00000000e-01  1.30516970e-06 
 9.38000000e-01  5.00000000e-01  1.30517220e-06 
 9.39000000e-01  5.00000000e-01  1.30517464e-06 
 9.40000000e-01  5.00000000e-01  1.30517699e-06 
 9.41000000e-01  5.00000000e-01  1.30517928e-06 
 9.42000000e-01  5.00000000e-01  1.30518149e-06 
 9.43000000e-01  5.00000000e-01  1.30518363e-06 
 9.44000000e-01  5.00000000e-01  1.30518573e-06 
 9.45000000e-01  5.00000000e-01  1.30518776e-06 
 9.46000000e-01  5.00000000e-01  1.30518972e-06 
 9.47000000e-01  5.00000000e-01  1.30519162e-06 
 9.48000000e-01  5.00000000e-01  1.30519347e-06 
 9.49000000e-01  5.00000000e-01  1.30519525e-06 
 9.50000000e-01  5.00000000e-01  1.30519702e-06 
 9.51000000e-01  5.00000000e-01  1.30519870e-06 
 9.52000000e-01  5.00000000e-01  1.30520034e-06 
 9.53000000e-01  5.00000000e-01  1.30520193e-06 
 9.54000000e-01  5.00000000e-01  1.30520347e-06 
 9.55000000e-01  5.00000000e-01  1.30520495e-06 
 9.56000000e-01  5.00000000e-01  1.30520640e-06 
 9.57000000e-01  5.00000000e-01  1.30520782e-06 
 9.58000000e-01  5.00000000e-01  1.30520917e-06 
 9.59000000e-01  5.00000000e-01  1.30521050e-06 
 9.60000000e-01  5.00000000e-01  1.30521179e-06 
 9.61000000e-01  5.00000000e-01  1.30521304e-06 
 9.62000000e-01  5.00000000e-01  1.30521424e-06 
 9.63000000e-01  5.00000000e-01  1.30521542e-06 
 9.64000000e-01  5.00000000e-01  1.30521657e-06 
 9.65000000e-01  5.00000000e-01  1.30521767e-06 
 9.66000000e-01  5.00000000e-01  1.30521872e-06 
 9.67000000e-01  5.00000000e-01  1.30521975e-06 
 9.68000000e-01  5.00000000e-01  1.30522078e-06 
 9.69000000e-01  5.00000000e-01  1.30522176e-06 
 9.70000000e-01  5.00000000e-01  1.30522268e-06 
 9.71000000e-01  5.00000000e-01  1.30522361e-06 
 9.72000000e-01  5.00000000e-01  1.30522450e-06 
 9.73000000e-01  5.00000000e-01  1.30522536e-06 
 9.74000000e-01  5.00000000e-01  1.30522619e-06 
 9.75000000e-01  5.00000000e-01  1.30522701e-06 
 9.76000000e-01  5.00000000e-01  1.30522780e-06 
 9.77000000e-01  5.00000000e-01  1.30522858e-06 
 9.78000000e-01  5.00000000e-01  1.30522931e-06 
 9.79000000e-01  5.00000000e-01  1.30523002e-06 
 9.80000000e-01  5.00000000e-01  1.30523071e-06 
 9.81000000e-01  5.00000000e-01  1.30523140e-06 
 9.82000000e-01  5.00000000e-01  1.30523204e-06 
 9.83000000e-01  5.00000000e-01  1.30523270e-06 
 9.84000000e-01  5.00000000e-01  1.30523330e-06 
 9.85000000e-01  5.00000000e-01  1.30523390e-06 
 9.86000000e-01  5.00000000e-01  1.30523449e-06 
 9.87000000e-01  5.00000000e-01  1.30523505e-06 
 9.88000000e-01  5.00000000e-01  1.30523557e-06 
 9.89000000e-01  5.00000000e-01  1.30523612e-06 
 9.90000000e-01  5.00000000e-01  1.30523663e-06 
 9.91000000e-01  5.00000000e-01  1.30523712e-06 
 9.92000000e-01  5.00000000e-01  1.30523760e-06 
 9.93000000e-01  5.00000000e-01  1.30523808e-06 
 9.94000000e-01  5.00000000e-01  1.30523853e-06 
 9.95000000e-01  5.00000000e-01  1.30523896e-06 
 9.96000000e-01  5.00000000e-01  1.30523940e-06 
 9.97000000e-01  5.00000000e-01  1.30523981e-06 
 9.98000000e-01  5.00000000e-01  1.30524022e-06 
 9.99000000e-01  5.00000000e-01  1.30524061e-06 
 1.00000000e+00  5.00000000e-01  1.30524099e-06 
 1.00100000e+00  5.00000000e-01  1.30524133e-06 
 1.00200000e+00  5.00000000e-01  1.30524170e-06 
 1.00300000e+00  5.00000000e-01  1.30524205e-06 
 1.00400000e+00  5.00000000e-01  1.30524237e-06 
 1.00500000e+00  5.00000000e-01  1.30524271e-06 
 1.00600000e+00  5.00000000e-01  1.30524302e-06 
 1.00700000e+00  5.00000000e-01  1.30524330e-06 
 1.00800000e+00  5.00000000e-01  1.30524360e-06 
 1.00900000e+00  5.00000000e-01  1.30524391e-06 
 1.01000000e+00  5.00000000e-01  1.30524418e-06 
 1.01100000e+00  5.00000000e-01  1.30524444e-06 
 1.01200000e+00  5.00000000e-01  1.30524471e-06 
 1.01300000e+00  5.00000000e-01  1.30524496e-06 
 1.01400000e+00  5.00000000e-01  1.30524520e-06 
 1.01500000e+00  5.00000000e-01  1.30524542e-06 
 1.01600000e+00  5.00000000e-01  1.30524566e-06 
 1.01700000e+00  5.00000000e-01  1.30524588e-06 
 1.01800000e+00  5.00000000e-01  1.30524610e-06 
 1.01900000e+00  5.00000000e-01  1.30524631e-06 
 1.02000000e+00  5.00000000e-01  1.30524650e-06 
 1.02100000e+00  5.00000000e-01  1.30524671e-06 
 1.02200000e+00  5.00000000e-01  1.30524691e-06 
 1.02300000e+00  5.00000000e-01  1.30524707e-06 
 1.02400000e+00  5.00000000e-01  1.30524726e-06 
 1.02500000e+00  5.00000000e-01  1.30524742e-06 
 1.02600000e+00  5.00000000e-01  1.30524761e-06 
 1.02700000e+00  5.00000000e-01  1.30524777e-06 
 1.02800000e+00  5.00000000e-01  1.30524794e-06 
 1.02900000e+00  5.00000000e-01  1.30524808e-06 
 1.03000000e+00  5.00000000e-01  1.30524823e-06 
 1.03100000e+00  5.00000000e-01  1.30524836e-06 
 1.03200000e+00  5.00000000e-01  1.30524851e-06 
 1.03300000e+00  5.00000000e-01  1.30524862e-06 
 1.03400000e+00  5.00000000e-01  1.30524878e-06 
 1.03500000e+00  5.00000000e-01  1.30524890e-06 
 1.03600000e+00  5.00000000e-01  1.30524903e-06 
 1.03700000e+00  5.00000000e-01  1.30524916e-06 
 1.03800000e+00  5.00000000e-01  1.30524928e-06 
 1.03900000e+00  5.00000000e-01  1.30524939e-06 
 1.04000000e+00  5.00000000e-01  1.30524948e-06 
 1.04100000e+00  5.00000000e-01  1.30524959e-06 
 1.04200000e+00  5.00000000e-01  1.30524971e-06 
 1.04300000e+00  5.00000000e-01  1.30524980e-06 
 1.04400000e+00  5.00000000e-01  1.30524991e-06 
 1.04500000e+00  5.00000000e-01  1.30525001e-06 
 1.04600000e+00  5.00000000e-01  1.30525007e-06 
 1.04700000e+00  5.00000000e-01  1.30525016e-06 
 1.04800000e+00  5.00000000e-01  1.30525025e-06 
 1.04900000e+00  5.00000000e-01  1.30525033e-06 
 1.05000000e+00  5.00000000e-01  1.30525040e-06 
 1.05100000e+00  5.00000000e-01  1.30525049e-06 
 1.05200000e+00  5.00000000e-01  1.30525055e-06 
 1.05300000e+00  5.00000000e-01  1.30525063e-06 
 1.05400000e+00  5.00000000e-01  1.30525071e-06 
 1.05500000e+00  5.00000000e-01  1.30525078e-06 
 1.05600000e+00  5.00000000e-01  1.30525083e-06 
 1.05700000e+00  5.00000000e-01  1.30525091e-06 
 1.05800000e+00  5.00000000e-01  1.30525097e-06 
 1.05900000e+00  5.00000000e-01  1.30525101e-06 
 1.06000000e+00  5.00000000e-01  1.30525109e-06 
 1.06100000e+00  5.00000000e-01  1.30525114e-06 
 1.06200000e+00  5.00000000e-01  1.30525120e-06 
 1.06300000e+00  5.00000000e-01  1.30525124e-06 
 1.06400000e+00  5.00000000e-01  1.30525131e-06 
 1.06500000e+00  5.00000000e-01  1.30525137e-06 
 1.06600000e+00  5.00000000e-01  1.30525141e-06 
 1.06700000e+00  5.00000000e-01  1.30525144e-06 
 1.06800000e+00  5.00000000e-01  1.30525150e-06 
 1.06900000e+00  5.00000000e-01  1.30525154e-06 
 1.07000000e+00  5.00000000e-01  1.30525158e-06 
 1.07100000e+00  5.00000000e-01  1.30525162e-06 
 1.07200000e+00  5.00000000e-01  1.30525164e-06 
 1.07300000e+00  5.00000000e-01  1.30525169e-06 
 1.07400000e+00  5.00000000e-01  1.30525175e-06 
 1.07500000e+00  5.00000000e-01  1.30525178e-06 
 1.07600000e+00  5.00000000e-01  1.30525181e-06 
 1.07700000e+00  5.00000000e-01  1.30525185e-06 
 1.07800000e+00  5.00000000e-01  1.30525189e-06 
 1.07900000e+00  5.00000000e-01  1.30525191e-06 
 1.08000000e+00  5.00000000e-01  1.30525195e-06 
 1.08100000e+00  5.00000000e-01  1.30525198e-06 
 1.08200000e+00  5.00000000e-01  1.30525198e-06 
 1.08300000e+00  5.00000000e-01  1.30525203e-06 
 1.08400000e+00  5.00000000e-01  1.30525206e-06 
 1.08500000e+00  5.00000000e-01  1.30525208e-06 
 1.08600000e+00  5.00000000e-01  1.30525211e-06 
 1.08700000e+00  5.00000000e-01  1.30525214e-06 
 1.08800000e+00  5.00000000e-01  1.30525218e-06 
 1.08900000e+00  5.00000000e-01  1.30525219e-06 
 1.09000000e+00  5.00000000e-01  1.30525220e-06 
 1.09100000e+00  5.00000000e-01  1.30525224e-06 
 1.09200000e+00  5.00000000e-01  1.30525226e-06 
 1.09300000e+00  5.00000000e-01  1.30525228e-06 
 1.09400000e+00  5.00000000e-01  1.30525229e-06 
 1.09500000e+00  5.00000000e-01  1.30525230e-06 
 1.09600000e+00  5.00000000e-01  1.30525233e-06 
 1.09700000e+00  5.00000000e-01  1.30525237e-06 
 1.09800000e+00  5.00000000e-01  1.30525237e-06 
 1.09900000e+00  5.00000000e-01  1.30525238e-06 
 1.10000000e+00  5.00000000e-01  1.30525239e-06 
 1.10100000e+00  5.00000000e-01  1.30525243e-06 
 1.10200000e+00  5.00000000e-01  1.30525243e-06 
 1.10300000e+00  5.00000000e-01  1.30525243e-06 
 1.10400000e+00  5.00000000e-01  1.30525249e-06 
 1.10500000e+00  5.00000000e-01  1.30525249e-06 
 1.10600000e+00  5.00000000e-01  1.30525250e-06 
 1.10700000e+00  5.00000000e-01  1.30525252e-06 
 1.10800000e+00  5.00000000e-01  1.30525252e-06 
 1.10900000e+00  5.00000000e-01  1.30525254e-06 
 1.11000000e+00  5.00000000e-01  1.30525256e-06 
 1.11100000e+00  5.00000000e-01  1.30525255e-06 
 1.11200000e+00  5.00000000e-01  1.30525257e-06 
 1.11300000e+00  5.00000000e-01  1.30525257e-06 
 1.11400000e+00  5.00000000e-01  1.30525260e-06 
 1.11500000e+00  5.00000000e-01  1.30525261e-06 
 1.11600000e+00  5.00000000e-01  1.30525262e-06 
 1.11700000e+00  5.00000000e-01  1.30525263e-06 
 1.11800000e+00  5.00000000e-01  1.30525265e-06 
 1.11900000e+00  5.00000000e-01  1.30525263e-06 
 1.12000000e+00  5.00000000e-01  1.30525263e-06 
 1.12100000e+00  5.00000000e-01  1.30525266e-06 
 1.12200000e+00  5.00000000e-01  1.30525266e-06 
 1.12300000e+00  5.00000000e-01  1.30525266e-06 
 1.12400000e+00  5.00000000e-01  1.30525270e-06 
 1.12500000e+00  5.00000000e-01  1.30525269e-06 
 1.12600000e+00  5.00000000e-01  1.30525268e-06 
 1.12700000e+00  5.00000000e-01  1.30525269e-06 
 1.12800000e+00  5.00000000e-01  1.30525272e-06 
 1.12900000e+00  5.00000000e-01  1.30525272e-06 
 1.13000000e+00  5.00000000e-01  1.30525272e-06 
 1.13100000e+00  5.00000000e-01  1.30525274e-06 
 1.13200000e+00  5.00000000e-01  1.30525273e-06 
 1.13300000e+00  5.00000000e-01  1.30525276e-06 
 1.13400000e+00  5.00000000e-01  1.30525275e-06 
 1.13500000e+00  5.00000000e-01  1.30525274e-06 
 1.13600000e+00  5.00000000e-01  1.30525275e-06 
 1.13700000e+00  5.00000000e-01  1.30525276e-06 
 1.13800000e+00  5.00000000e-01  1.30525277e-06 
 1.13900000e+00  5.00000000e-01  1.30525277e-06 
 1.14000000e+00  5.00000000e-01  1.30525278e-06 
 1.14100000e+00  5.00000000e-01  1.30525278e-06 
 1.14200000e+00  5.00000000e-01  1.30525279e-06 
 1.14300000e+00  5.00000000e-01  1.30525280e-06 
 1.14400000e+00  5.00000000e-01  1.30525278e-06 
 1.14500000e+00  5.00000000e-01  1.30525279e-06 
 1.14600000e+00  5.00000000e-01  1.30525279e-06 
 1.14700000e+00  5.00000000e-01  1.30525281e-06 
 1.14800000e+00  5.00000000e-01  1.30525281e-06 
 1.14900000e+00  5.00000000e-01  1.30525282e-06 
 1.15000000e+00  5.00000000e-01  1.30525283e-06 
 1.15100000e+00  5.00000000e-01  1.30525282e-06 
 1.15200000e+00  5.00000000e-01  1.30525282e-06 
 1.15300000e+00  5.00000000e-01  1.30525283e-06 
 1.15400000e+00  5.00000000e-01  1.30525283e-06 
 1.15500000e+00  5.00000000e-01  1.30525284e-06 
 1.15600000e+00  5.00000000e-01  1.30525284e-06 
 1.15700000e+00  5.00000000e-01  1.30525286e-06 
 1.15800000e+00  5.00000000e-01  1.30525285e-06 
 1.15900000e+00  5.00000000e-01  1.30525286e-06 
 1.16000000e+00  5.00000000e-01  1.30525284e-06 
 1.16100000e+00  5.00000000e-01  1.30525287e-06 
 1.16200000e+00  5.00000000e-01  1.30525286e-06 
 1.16300000e+00  5.00000000e-01  1.30525286e-06 
 1.16400000e+00  5.00000000e-01  1.30525286e-06 
 1.16500000e+00  5.00000000e-01  1.30525287e-06 
 1.16600000e+00  5.00000000e-01  1.30525287e-06 
 1.16700000e+00  5.00000000e-01  1.30525286e-06 
 1.16800000e+00  5.00000000e-01  1.30525288e-06 
 1.16900000e+00  5.00000000e-01  1.30525289e-06 
 1.17000000e+00  5.00000000e-01  1.30525288e-06 
 1.17100000e+00  5.00000000e-01  1.30525287e-06 
 1.17200000e+00  5.00000000e-01  1.30525286e-06 
 1.17300000e+00  5.00000000e-01  1.30525287e-06 
 1.17400000e+00  5.00000000e-01  1.30525289e-06 
 1.17500000e+00  5.00000000e-01  1.30525289e-06 
 1.17600000e+00  5.00000000e-01  1.30525288e-06 
 1.17700000e+00  5.00000000e-01  1.30525289e-06 
 1.17800000e+00  5.00000000e-01  1.30525289e-06 
 1.17900000e+00  5.00000000e-01  1.30525290e-06 
 1.18000000e+00  5.00000000e-01  1.30525289e-06 
 1.18100000e+00  5.00000000e-01  1.30525290e-06 
 1.18200000e+00  5.00000000e-01  1.30525289e-06 
 1.18300000e+00  5.00000000e-01  1.30525290e-06 
 1.18400000e+00  5.00000000e-01  1.30525291e-06 
 1.18500000e+00  5.00000000e-01  1.30525290e-06 
 1.18600000e+00  5.00000000e-01  1.30525291e-06 
 1.18700000e+00  5.00000000e-01  1.30525289e-06 
 1.18800000e+00  5.00000000e-01  1.30525289e-06 
 1.18900000e+00  5.00000000e-01  1.30525290e-06 
 1.19000000e+00  5.00000000e-01  1.30525290e-06 
 1.19100000e+00  5.00000000e-01  1.30525290e-06 
 1.19200000e+00  5.00000000e-01  1.30525290e-06 
 1.19300000e+00  5.00000000e-01  1.30525290e-06 
 1.19400000e+00  5.00000000e-01  1.30525291e-06 
 1.19500000e+00  5.00000000e-01  1.30525290e-06 
 1.19600000e+00  5.00000000e-01  1.30525291e-06 
 1.19700000e+00  5.00000000e-01  1.30525291e-06 
 1.19800000e+00  5.00000000e-01  1.30525290e-06 
 1.19900000e+00  5.00000000e-01  1.30525292e-06 
 1.20000000e+00  5.00000000e-01  1.30525291e-06 
 1.20100000e+00  5.00000000e-01  1.30525292e-06 
 1.20200000e+00  5.00000000e-01  1.30525292e-06 
 1.20300000e+00  5.00000000e-01  1.30525291e-06 
 1.20400000e+00  5.00000000e-01  1.30525291e-06 
 1.20500000e+00  5.00000000e-01  1.30525291e-06 
 1.20600000e+00  5.00000000e-01  1.30525292e-06 
 1.20700000e+00  5.00000000e-01  1.30525291e-06 
 1.20800000e+00  5.00000000e-01  1.30525292e-06 
 1.20900000e+00  5.00000000e-01  1.30525291e-06 
 1.21000000e+00  5.00000000e-01  1.30525294e-06 
 1.21100000e+00  5.00000000e-01  1.30525292e-06 
 1.21200000e+00  5.00000000e-01  1.30525291e-06 
 1.21300000e+00  5.00000000e-01  1.30525291e-06 
 1.21400000e+00  5.00000000e-01  1.30525293e-06 
 1.21500000e+00  5.00000000e-01  1.30525292e-06 
 1.21600000e+00  5.00000000e-01  1.30525291e-06 
 1.21700000e+00  5.00000000e-01  1.30525292e-06 
 1.21800000e+00  5.00000000e-01  1.30525293e-06 
 1.21900000e+00  5.00000000e-01  1.30525291e-06 
 1.22000000e+00  5.00000000e-01  1.30525293e-06 
 1.22100000e+00  5.00000000e-01  1.30525291e-06 
 1.22200000e+00  5.00000000e-01  1.30525293e-06 
 1.22300000e+00  5.00000000e-01  1.30525292e-06 
 1.22400000e+00  5.00000000e-01  1.30525293e-06 
 1.22500000e+00  5.00000000e-01  1.30525290e-06 
 1.22600000e+00  5.00000000e-01  1.30525294e-06 
 1.22700000e+00  5.00000000e-01  1.30525292e-06 
 1.22800000e+00  5.00000000e-01  1.30525293e-06 
 1.22900000e+00  5.00000000e-01  1.30525292e-06 
 1.23000000e+00  5.00000000e-01  1.30525292e-06 
 1.23100000e+00  5.00000000e-01  1.30525292e-06 
 1.23200000e+00  5.00000000e-01  1.30525292e-06 
 1.23300000e+00  5.00000000e-01  1.30525293e-06 
 1.23400000e+00  5.00000000e-01  1.30525293e-06 
 1.23500000e+00  5.00000000e-01  1.30525292e-06 
 1.23600000e+00  5.00000000e-01  1.30525293e-06 
 1.23700000e+00  5.00000000e-01  1.30525293e-06 
 1.23800000e+00  5.00000000e-01  1.30525293e-06 
 1.23900000e+00  5.00000000e-01  1.30525293e-06 
 1.24000000e+00  5.00000000e-01  1.30525292e-06 
 1.24100000e+00  5.00000000e-01  1.30525291e-06 
 1.24200000e+00  5.00000000e-01  1.30525292e-06 
 1.24300000e+00  5.00000000e-01  1.30525293e-06 
 1.24400000e+00  5.00000000e-01  1.30525294e-06 
 1.24500000e+00  5.00000000e-01  1.30525291e-06 
 1.24600000e+00  5.00000000e-01  1.30525292e-06 
 1.24700000e+00  5.00000000e-01  1.30525293e-06 
 1.24800000e+00  5.00000000e-01  1.30525293e-06 
 1.24900000e+00  5.00000000e-01  1.30525292e-06 
 1.25000000e+00  5.00000000e-01  1.30525292e-06 
 1.25100000e+00  5.00000000e-01  1.30525292e-06 
 1.25200000e+00  5.00000000e-01  1.30525292e-06 
 1.25300000e+00  5.00000000e-01  1.30525291e-06 
 1.25400000e+00  5.00000000e-01  1.30525292e-06 
 1.25500000e+00  5.00000000e-01  1.30525292e-06 
 1.25600000e+00  5.00000000e-01  1.30525291e-06 
 1.25700000e+00  5.00000000e-01  1.30525289e-06 
 1.25800000e+00  5.00000000e-01  1.30525292e-06 
 1.25900000e+00  5.00000000e-01  1.30525293e-06 
 1.26000000e+00  5.00000000e-01  1.30525293e-06 
 1.26100000e+00  5.00000000e-01  1.30525293e-06 
 1.26200000e+00  5.00000000e-01  1.30525292e-06 
 1.26300000e+00  5.00000000e-01  1.30525292e-06 
 1.26400000e+00  5.00000000e-01  1.30525293e-06 
 1.26500000e+00  5.00000000e-01  1.30525292e-06 
 1.26600000e+00  5.00000000e-01  1.30525292e-06 
 1.26700000e+00  5.00000000e-01  1.30525292e-06 
 1.26800000e+00  5.00000000e-01  1.30525292e-06 
 1.26900000e+00  5.00000000e-01  1.30525292e-06 
 1.27000000e+00  5.00000000e-01  1.30525293e-06 
 1.27100000e+00  5.00000000e-01  1.30525292e-06 
 1.27200000e+00  5.00000000e-01  1.30525293e-06 
 1.27300000e+00  5.00000000e-01  1.30525292e-06 
 1.27400000e+00  5.00000000e-01  1.30525293e-06 
 1.27500000e+00  5.00000000e-01  1.30525292e-06 
 1.27600000e+00  5.00000000e-01  1.30525292e-06 
 1.27700000e+00  5.00000000e-01  1.30525291e-06 
 1.27800000e+00  5.00000000e-01  1.30525293e-06 
 1.27900000e+00  5.00000000e-01  1.30525292e-06 
 1.28000000e+00  5.00000000e-01  1.30525293e-06 
 1.28100000e+00  5.00000000e-01  1.30525292e-06 
 1.28200000e+00  5.00000000e-01  1.30525294e-06 
 1.28300000e+00  5.00000000e-01  1.30525293e-06 
 1.28400000e+00  5.00000000e-01  1.30525295e-06 
 1.28500000e+00  5.00000000e-01  1.30525292e-06 
 1.28600000e+00  5.00000000e-01  1.30525293e-06 
 1.28700000e+00  5.00000000e-01  1.30525292e-06 
 1.28800000e+00  5.00000000e-01  1.30525292e-06 
 1.28900000e+00  5.00000000e-01  1.30525293e-06 
 1.29000000e+00  5.00000000e-01  1.30525293e-06 
 1.29100000e+00  5.00000000e-01  1.30525292e-06 
 1.29200000e+00  5.00000000e-01  1.30525293e-06 
 1.29300000e+00  5.00000000e-01  1.30525295e-06 
 1.29400000e+00  5.00000000e-01  1.30525292e-06 
 1.29500000e+00  5.00000000e-01  1.30525293e-06 
 1.29600000e+00  5.00000000e-01  1.30525292e-06 
 1.29700000e+00  5.00000000e-01  1.30525292e-06 
 1.29800000e+00  5.00000000e-01  1.30525292e-06 
 1.29900000e+00  5.00000000e-01  1.30525293e-06 
 1.30000000e+00  5.00000000e-01  1.30525294e-06 
 1.30100000e+00  5.00000000e-01  1.30525291e-06 
 1.30200000e+00  5.00000000e-01  1.30525293e-06 
 1.30300000e+00  5.00000000e-01  1.30525292e-06 
 1.30400000e+00  5.00000000e-01  1.30525294e-06 
 1.30500000e+00  5.00000000e-01  1.30525292e-06 
 1.30600000e+00  5.00000000e-01  1.30525292e-06 
 1.30700000e+00  5.00000000e-01  1.30525293e-06 
 1.30800000e+00  5.00000000e-01  1.30525293e-06 
 1.30900000e+00  5.00000000e-01  1.30525292e-06 
 1.31000000e+00  5.00000000e-01  1.30525294e-06 
 1.31100000e+00  5.00000000e-01  1.30525292e-06 
 1.31200000e+00  5.00000000e-01  1.30525294e-06 
 1.31300000e+00  5.00000000e-01  1.30525291e-06 
 1.31400000e+00  5.00000000e-01  1.30525293e-06 
 1.31500000e+00  5.00000000e-01  1.30525293e-06 
 1.31600000e+00  5.00000000e-01  1.30525294e-06 
 1.31700000e+00  5.00000000e-01  1.30525292e-06 
 1.31800000e+00  5.00000000e-01  1.30525293e-06 
 1.31900000e+00  5.00000000e-01  1.30525295e-06 
 1.32000000e+00  5.00000000e-01  1.30525292e-06 
 1.32100000e+00  5.00000000e-01  1.30525293e-06 
 1.32200000e+00  5.00000000e-01  1.30525293e-06 
 1.32300000e+00  5.00000000e-01  1.30525293e-06 
 1.32400000e+00  5.00000000e-01  1.30525292e-06 
 1.32500000e+00  5.00000000e-01  1.30525293e-06 
 1.32600000e+00  5.00000000e-01  1.30525292e-06 
 1.32700000e+00  5.00000000e-01  1.30525292e-06 
 1.32800000e+00  5.00000000e-01  1.30525293e-06 
 1.32900000e+00  5.00000000e-01  1.30525293e-06 
 1.33000000e+00  5.00000000e-01  1.30525291e-06 
 1.33100000e+00  5.00000000e-01  1.30525291e-06 
 1.33200000e+00  5.00000000e-01  1.30525293e-06 
 1.33300000e+00  5.00000000e-01  1.30525291e-06 
 1.33400000e+00  5.00000000e-01  1.30525293e-06 
 1.33500000e+00  5.00000000e-01  1.30525292e-06 
 1.33600000e+00  5.00000000e-01  1.30525293e-06 
 1.33700000e+00  5.00000000e-01  1.30525294e-06 
 1.33800000e+00  5.00000000e-01  1.30525293e-06 
 1.33900000e+00  5.00000000e-01  1.30525290e-06 
 1.34000000e+00  5.00000000e-01  1.30525293e-06 
 1.34100000e+00  5.00000000e-01  1.30525292e-06 
 1.34200000e+00  5.00000000e-01  1.30525293e-06 
 1.34300000e+00  5.00000000e-01  1.30525292e-06 
 1.34400000e+00  5.00000000e-01  1.30525292e-06 
 1.34500000e+00  5.00000000e-01  1.30525292e-06 
 1.34600000e+00  5.00000000e-01  1.30525291e-06 
 1.34700000e+00  5.00000000e-01  1.30525294e-06 
 1.34800000e+00  5.00000000e-01  1.30525292e-06 
 1.34900000e+00  5.00000000e-01  1.30525294e-06 
 1.35000000e+00  5.00000000e-01  1.30525292e-06 
 1.35100000e+00  5.00000000e-01  1.30525292e-06 
 1.35200000e+00  5.00000000e-01  1.30525293e-06 
 1.35300000e+00  5.00000000e-01  1.30525291e-06 
 1.35400000e+00  5.00000000e-01  1.30525293e-06 
 1.35500000e+00  5.00000000e-01  1.30525292e-06 
 1.35600000e+00  5.00000000e-01  1.30525292e-06 
 1.35700000e+00  5.00000000e-01  1.30525293e-06 
 1.35800000e+00  5.00000000e-01  1.30525293e-06 
 1.35900000e+00  5.00000000e-01  1.30525291e-06 
 1.36000000e+00  5.00000000e-01  1.30525293e-06 
 1.36100000e+00  5.00000000e-01  1.30525291e-06 
 1.36200000e+00  5.00000000e-01  1.30525293e-06 
 1.36300000e+00  5.00000000e-01  1.30525293e-06 
 1.36400000e+00  5.00000000e-01  1.30525293e-06 
 1.36500000e+00  5.00000000e-01  1.30525291e-06 
 1.36600000e+00  5.00000000e-01  1.30525293e-06 
 1.36700000e+00  5.00000000e-01  1.30525291e-06 
 1.36800000e+00  5.00000000e-01  1.30525292e-06 
 1.36900000e+00  5.00000000e-01  1.30525291e-06 
 1.37000000e+00  5.00000000e-01  1.30525292e-06 
 1.37100000e+00  5.00000000e-01  1.30525291e-06 
 1.37200000e+00  5.00000000e-01  1.30525294e-06 
 1.37300000e+00  5.00000000e-01  1.30525291e-06 
 1.37400000e+00  5.00000000e-01  1.30525294e-06 
 1.37500000e+00  5.00000000e-01  1.30525291e-06 
 1.37600000e+00  5.00000000e-01  1.30525293e-06 
 1.37700000e+00  5.00000000e-01  1.30525292e-06 
 1.37800000e+00  5.00000000e-01  1.30525292e-06 
 1.37900000e+00  5.00000000e-01  1.30525292e-06 
 1.38000000e+00  5.00000000e-01  1.30525293e-06 
 1.38100000e+00  5.00000000e-01  1.30525292e-06 
 1.38200000e+00  5.00000000e-01  1.30525292e-06 
 1.38300000e+00  5.00000000e-01  1.30525292e-06 
 1.38400000e+00  5.00000000e-01  1.30525290e-06 
 1.38500000e+00  5.00000000e-01  1.30525293e-06 
 1.38600000e+00  5.00000000e-01  1.30525291e-06 
 1.38700000e+00  5.00000000e-01  1.30525292e-06 
 1.38800000e+00  5.00000000e-01  1.30525293e-06 
 1.38900000e+00  5.00000000e-01  1.30525292e-06 
 1.39000000e+00  5.00000000e-01  1.30525292e-06 
 1.39100000e+00  5.00000000e-01  1.30525294e-06 
 1.39200000e+00  5.00000000e-01  1.30525291e-06 
 1.39300000e+00  5.00000000e-01  1.30525293e-06 
 1.39400000e+00  5.00000000e-01  1.30525291e-06 
 1.39500000e+00  5.00000000e-01  1.30525292e-06 
 1.39600000e+00  5.00000000e-01  1.30525292e-06 
 1.39700000e+00  5.00000000e-01  1.30525291e-06 
 1.39800000e+00  5.00000000e-01  1.30525293e-06 
 1.39900000e+00  5.00000000e-01  1.30525291e-06 
 1.40000000e+00  5.00000000e-01  1.30525293e-06 
 1.40100000e+00  5.00000000e-01  1.30525292e-06 
 1.40200000e+00  5.00000000e-01  1.30525291e-06 
 1.40300000e+00  5.00000000e-01  1.30525293e-06 
 1.40400000e+00  5.00000000e-01  1.30525291e-06 
 1.40500000e+00  5.00000000e-01  1.30525292e-06 
 1.40600000e+00  5.00000000e-01  1.30525291e-06 
 1.40700000e+00  5.00000000e-01  1.30525293e-06 
 1.40800000e+00  5.00000000e-01  1.30525292e-06 
 1.40900000e+00  5.00000000e-01  1.30525293e-06 
 1.41000000e+00  5.00000000e-01  1.30525291e-06 
 1.41100000e+00  5.00000000e-01  1.30525291e-06 
 1.41200000e+00  5.00000000e-01  1.30525293e-06 
 1.41300000e+00  5.00000000e-01  1.30525294e-06 
 1.41400000e+00  5.00000000e-01  1.30525290e-06 
 1.41500000e+00  5.00000000e-01  1.30525292e-06 
 1.41600000e+00  5.00000000e-01  1.30525292e-06 
 1.41700000e+00  5.00000000e-01  1.30525291e-06 
 1.41800000e+00  5.00000000e-01  1.30525292e-06 
 1.41900000e+00  5.00000000e-01  1.30525292e-06 
 1.42000000e+00  5.00000000e-01  1.30525290e-06 
 1.42100000e+00  5.00000000e-01  1.30525292e-06 
 1.42200000e+00  5.00000000e-01  1.30525293e-06 
 1.42300000e+00  5.00000000e-01  1.30525290e-06 
 1.42400000e+00  5.00000000e-01  1.30525293e-06 
 1.42500000e+00  5.00000000e-01  1.30525291e-06 
 1.42600000e+00  5.00000000e-01  1.30525291e-06 
 1.42700000e+00  5.00000000e-01  1.30525292e-06 
 1.42800000e+00  5.00000000e-01  1.30525291e-06 
 1.42900000e+00  5.00000000e-01  1.30525292e-06 
 1.43000000e+00  5.00000000e-01  1.30525292e-06 
 1.43100000e+00  5.00000000e-01  1.30525291e-06 
 1.43200000e+00  5.00000000e-01  1.30525292e-06 
 1.43300000e+00  5.00000000e-01  1.30525293e-06 
 1.43400000e+00  5.00000000e-01  1.30525290e-06 
 1.43500000e+00  5.00000000e-01  1.30525293e-06 
 1.43600000e+00  5.00000000e-01  1.30525292e-06 
 1.43700000e+00  5.00000000e-01  1.30525292e-06 
 1.43800000e+00  5.00000000e-01  1.30525291e-06 
 1.43900000e+00  5.00000000e-01  1.30525291e-06 
 1.44000000e+00  5.00000000e-01  1.30525291e-06 
 1.44100000e+00  5.00000000e-01  1.30525290e-06 
 1.44200000e+00  5.00000000e-01  1.30525290e-06 
 1.44300000e+00  5.00000000e-01  1.30525293e-06 
 1.44400000e+00  5.00000000e-01  1.30525292e-06 
 1.44500000e+00  5.00000000e-01  1.30525290e-06 
 1.44600000e+00  5.00000000e-01  1.30525292e-06 
 1.44700000e+00  5.00000000e-01  1.30525292e-06 
 1.44800000e+00  5.00000000e-01  1.30525290e-06 
 1.44900000e+00  5.00000000e-01  1.30525290e-06 
 1.45000000e+00  5.00000000e-01  1.30525289e-06 
 1.45100000e+00  5.00000000e-01  1.30525291e-06 
 1.45200000e+00  5.00000000e-01  1.30525290e-06 
 1.45300000e+00  5.00000000e-01  1.30525291e-06 
 1.45400000e+00  5.00000000e-01  1.30525291e-06 
 1.45500000e+00  5.00000000e-01  1.30525290e-06 
 1.45600000e+00  5.00000000e-01  1.30525291e-06 
 1.45700000e+00  5.00000000e-01  1.30525291e-06 
 1.45800000e+00  5.00000000e-01  1.30525291e-06 
 1.45900000e+00  5.00000000e-01  1.30525292e-06 
 1.46000000e+00  5.00000000e-01  1.30525290e-06 
 1.46100000e+00  5.00000000e-01  1.30525291e-06 
 1.46200000e+00  5.00000000e-01  1.30525290e-06 
 1.46300000e+00  5.00000000e-01  1.30525291e-06 
 1.46400000e+00  5.00000000e-01  1.30525290e-06 
 1.46500000e+00  5.00000000e-01  1.30525291e-06 
 1.46600000e+00  5.00000000e-01  1.30525292e-06 
 1.46700000e+00  5.00000000e-01  1.30525290e-06 
 1.46800000e+00  5.00000000e-01  1.30525293e-06 
 1.46900000e+00  5.00000000e-01  1.30525290e-06 
 1.47000000e+00  5.00000000e-01  1.30525290e-06 
 1.47100000e+00  5.00000000e-01  1.30525289e-06 
 1.47200000e+00  5.00000000e-01  1.30525290e-06 
 1.47300000e+00  5.00000000e-01  1.30525290e-06 
 1.47400000e+00  5.00000000e-01  1.30525288e-06 
 1.47500000e+00  5.00000000e-01  1.30525291e-06 
 1.47600000e+00  5.00000000e-01  1.30525291e-06 
 1.47700000e+00  5.00000000e-01  1.30525292e-06 
 1.47800000e+00  5.00000000e-01  1.30525289e-06 
 1.47900000e+00  5.00000000e-01  1.30525291e-06 
 1.48000000e+00  5.00000000e-01  1.30525290e-06 
 1.48100000e+00  5.00000000e-01  1.30525290e-06 
 1.48200000e+00  5.00000000e-01  1.30525290e-06 
 1.48300000e+00  5.00000000e-01  1.30525290e-06 
 1.48400000e+00  5.00000000e-01  1.30525293e-06 
 1.48500000e+00  5.00000000e-01  1.30525292e-06 
 1.48600000e+00  5.00000000e-01  1.30525291e-06 
 1.48700000e+00  5.00000000e-01  1.30525290e-06 
 1.48800000e+00  5.00000000e-01  1.30525291e-06 
 1.48900000e+00  5.00000000e-01  1.30525289e-06 
 1.49000000e+00  5.00000000e-01  1.30525291e-06 
 1.49100000e+00  5.00000000e-01  1.30525290e-06 
 1.49200000e+00  5.00000000e-01  1.30525291e-06 
 1.49300000e+00  5.00000000e-01  1.30525290e-06 
 1.49400000e+00  5.00000000e-01  1.30525291e-06 
 1.49500000e+00  5.00000000e-01  1.30525289e-06 
 1.49600000e+00  5.00000000e-01  1.30525290e-06 
 1.49700000e+00  5.00000000e-01  1.30525290e-06 
 1.49800000e+00  5.00000000e-01  1.30525290e-06 
 1.49900000e+00  5.00000000e-01  1.30525291e-06 
 1.50000000e+00  5.00000000e-01  1.30525290e-06 
 1.50100000e+00  5.00000000e-01  1.30525289e-06 
 1.50200000e+00  5.00000000e-01  1.30525289e-06 
 1.50300000e+00  5.00000000e-01  1.30525289e-06 
 1.50400000e+00  5.00000000e-01  1.30525289e-06 
 1.50500000e+00  5.00000000e-01  1.30525290e-06 
 1.50600000e+00  5.00000000e-01  1.30525290e-06 
 1.50700000e+00  5.00000000e-01  1.30525291e-06 
 1.50800000e+00  5.00000000e-01  1.30525291e-06 
 1.50900000e+00  5.00000000e-01  1.30525290e-06 
 1.51000000e+00  5.00000000e-01  1.30525290e-06 
 1.51100000e+00  5.00000000e-01  1.30525290e-06 
 1.51200000e+00  5.00000000e-01  1.30525291e-06 
 1.51300000e+00  5.00000000e-01  1.30525290e-06 
 1.51400000e+00  5.00000000e-01  1.30525291e-06 
 1.51500000e+00  5.00000000e-01  1.30525289e-06 
 1.51600000e+00  5.00000000e-01  1.30525290e-06 
 1.51700000e+00  5.00000000e-01  1.30525289e-06 
 1.51800000e+00  5.00000000e-01  1.30525289e-06 
 1.51900000e+00  5.00000000e-01  1.30525289e-06 
 1.52000000e+00  5.00000000e-01  1.30525290e-06 
 1.52100000e+00  5.00000000e-01  1.30525291e-06 
 1.52200000e+00  5.00000000e-01  1.30525291e-06 
 1.52300000e+00  5.00000000e-01  1.30525290e-06 
 1.52400000e+00  5.00000000e-01  1.30525287e-06 
 1.52500000e+00  5.00000000e-01  1.30525290e-06 
 1.52600000e+00  5.00000000e-01  1.30525290e-06 
 1.52700000e+00  5.00000000e-01  1.30525290e-06 
 1.52800000e+00  5.00000000e-01  1.30525290e-06 
 1.52900000e+00  5.00000000e-01  1.30525288e-06 
 1.53000000e+00  5.00000000e-01  1.30525290e-06 
 1.53100000e+00  5.00000000e-01  1.30525290e-06 
 1.53200000e+00  5.00000000e-01  1.30525290e-06 
 1.53300000e+00  5.00000000e-01  1.30525288e-06 
 1.53400000e+00  5.00000000e-01  1.30525290e-06 
 1.53500000e+00  5.00000000e-01  1.30525289e-06 
 1.53600000e+00  5.00000000e-01  1.30525290e-06 
 1.53700000e+00  5.00000000e-01  1.30525289e-06 
 1.53800000e+00  5.00000000e-01  1.30525288e-06 
 1.53900000e+00  5.00000000e-01  1.30525287e-06 
 1.54000000e+00  5.00000000e-01  1.30525288e-06 
 1.54100000e+00  5.00000000e-01  1.30525288e-06 
 1.54200000e+00  5.00000000e-01  1.30525288e-06 
 1.54300000e+00  5.00000000e-01  1.30525289e-06 
 1.54400000e+00  5.00000000e-01  1.30525290e-06 
 1.54500000e+00  5.00000000e-01  1.30525289e-06 
 1.54600000e+00  5.00000000e-01  1.30525289e-06 
 1.54700000e+00  5.00000000e-01  1.30525288e-06 
 1.54800000e+00  5.00000000e-01  1.30525288e-06 
 1.54900000e+00  5.00000000e-01  1.30525288e-06 
 1.55000000e+00  5.00000000e-01  1.30525287e-06 
 1.55100000e+00  5.00000000e-01  1.30525288e-06 
 1.55200000e+00  5.00000000e-01  1.30525287e-06 
 1.55300000e+00  5.00000000e-01  1.30525286e-06 
 1.55400000e+00  5.00000000e-01  1.30525289e-06 
 1.55500000e+00  5.00000000e-01  1.30525288e-06 
 1.55600000e+00  5.00000000e-01  1.30525289e-06 
 1.55700000e+00  5.00000000e-01  1.30525287e-06 
 1.55800000e+00  5.00000000e-01  1.30525288e-06 
 1.55900000e+00  5.00000000e-01  1.30525287e-06 
 1.56000000e+00  5.00000000e-01  1.30525288e-06 
 1.56100000e+00  5.00000000e-01  1.30525288e-06 
 1.56200000e+00  5.00000000e-01  1.30525287e-06 
 1.56300000e+00  5.00000000e-01  1.30525288e-06 
 1.56400000e+00  5.00000000e-01  1.30525289e-06 
 1.56500000e+00  5.00000000e-01  1.30525286e-06 
 1.56600000e+00  5.00000000e-01  1.30525288e-06 
 1.56700000e+00  5.00000000e-01  1.30525288e-06 
 1.56800000e+00  5.00000000e-01  1.30525285e-06 
 1.56900000e+00  5.00000000e-01  1.30525287e-06 
 1.57000000e+00  5.00000000e-01  1.30525287e-06 
 1.57100000e+00  5.00000000e-01  1.30525286e-06 
 1.57200000e+00  5.00000000e-01  1.30525287e-06 
 1.57300000e+00  5.00000000e-01  1.30525285e-06 
 1.57400000e+00  5.00000000e-01  1.30525286e-06 
 1.57500000e+00  5.00000000e-01  1.30525286e-06 
 1.57600000e+00  5.00000000e-01  1.30525286e-06 
 1.57700000e+00  5.00000000e-01  1.30525285e-06 
 1.57800000e+00  5.00000000e-01  1.30525286e-06 
 1.57900000e+00  5.00000000e-01  1.30525287e-06 
 1.58000000e+00  5.00000000e-01  1.30525286e-06 
 1.58100000e+00  5.00000000e-01  1.30525287e-06 
 1.58200000e+00  5.00000000e-01  1.30525286e-06 
 1.58300000e+00  5.00000000e-01  1.30525286e-06 
 1.58400000e+00  5.00000000e-01  1.30525286e-06 
 1.58500000e+00  5.00000000e-01  1.30525286e-06 
 1.58600000e+00  5.00000000e-01  1.30525285e-06 
 1.58700000e+00  5.00000000e-01  1.30525287e-06 
 1.58800000e+00  5.00000000e-01  1.30525285e-06 
 1.58900000e+00  5.00000000e-01  1.30525286e-06 
 1.59000000e+00  5.00000000e-01  1.30525284e-06 
 1.59100000e+00  5.00000000e-01  1.30525286e-06 
 1.59200000e+00  5.00000000e-01  1.30525285e-06 
 1.59300000e+00  5.00000000e-01  1.30525286e-06 
 1.59400000e+00  5.00000000e-01  1.30525286e-06 
 1.59500000e+00  5.00000000e-01  1.30525283e-06 
 1.59600000e+00  5.00000000e-01  1.30525285e-06 
 1.59700000e+00  5.00000000e-01  1.30525284e-06 
 1.59800000e+00  5.00000000e-01  1.30525285e-06 
 1.59900000e+00  5.00000000e-01  1.30525287e-06 
 1.60000000e+00  5.00000000e-01  1.30525285e-06 
 1.60100000e+00  5.00000000e-01  1.30525287e-06 
 1.60200000e+00  5.00000000e-01  1.30525286e-06 
 1.60300000e+00  5.00000000e-01  1.30525285e-06 
 1.60400000e+00  5.00000000e-01  1.30525285e-06 
 1.60500000e+00  5.00000000e-01  1.30525284e-06 
 1.60600000e+00  5.00000000e-01  1.30525287e-06 
 1.60700000e+00  5.00000000e-01  1.30525285e-06 
 1.60800000e+00  5.00000000e-01  1.30525285e-06 
 1.60900000e+00  5.00000000e-01  1.30525284e-06 
 1.61000000e+00  5.00000000e-01  1.30525284e-06 
 1.61100000e+00  5.00000000e-01  1.30525286e-06 
 1.61200000e+00  5.00000000e-01  1.30525284e-06 
 1.61300000e+00  5.00000000e-01  1.30525285e-06 
 1.61400000e+00  5.00000000e-01  1.30525285e-06 
 1.61500000e+00  5.00000000e-01  1.30525284e-06 
 1.61600000e+00  5.00000000e-01  1.30525284e-06 
 1.61700000e+00  5.00000000e-01  1.30525284e-06 
 1.61800000e+00  5.00000000e-01  1.30525284e-06 
 1.61900000e+00  5.00000000e-01  1.30525285e-06 
 1.62000000e+00  5.00000000e-01  1.30525285e-06 
 1.62100000e+00  5.00000000e-01  1.30525285e-06 
 1.62200000e+00  5.00000000e-01  1.30525282e-06 
 1.62300000e+00  5.00000000e-01  1.30525286e-06 
 1.62400000e+00  5.00000000e-01  1.30525282e-06 
 1.62500000e+00  5.00000000e-01  1.30525282e-06 
 1.62600000e+00  5.00000000e-01  1.30525283e-06 
 1.62700000e+00  5.00000000e-01  1.30525285e-06 
 1.62800000e+00  5.00000000e-01  1.30525281e-06 
 1.62900000e+00  5.00000000e-01  1.30525283e-06 
 1.63000000e+00  5.00000000e-01  1.30525284e-06 
 1.63100000e+00  5.00000000e-01  1.30525283e-06 
 1.63200000e+00  5.00000000e-01  1.30525283e-06 
 1.63300000e+00  5.00000000e-01  1.30525283e-06 
 1.63400000e+00  5.00000000e-01  1.30525282e-06 
 1.63500000e+00  5.00000000e-01  1.30525282e-06 
 1.63600000e+00  5.00000000e-01  1.30525282e-06 
 1.63700000e+00  5.00000000e-01  1.30525284e-06 
 1.63800000e+00  5.00000000e-01  1.30525282e-06 
 1.63900000e+00  5.00000000e-01  1.30525282e-06 
 1.64000000e+00  5.00000000e-01  1.30525283e-06 
 1.64100000e+00  5.00000000e-01  1.30525283e-06 
 1.64200000e+00  5.00000000e-01  1.30525283e-06 
 1.64300000e+00  5.00000000e-01  1.30525282e-06 
 1.64400000e+00  5.00000000e-01  1.30525282e-06 
 1.64500000e+00  5.00000000e-01  1.30525281e-06 
 1.64600000e+00  5.00000000e-01  1.30525282e-06 
 1.64700000e+00  5.00000000e-01  1.30525282e-06 
 1.64800000e+00  5.00000000e-01  1.30525281e-06 
 1.64900000e+00  5.00000000e-01  1.30525281e-06 
 1.65000000e+00  5.00000000e-01  1.30525282e-06 
 1.65100000e+00  5.00000000e-01  1.30525282e-06 
 1.65200000e+00  5.00000000e-01  1.30525281e-06 
 1.65300000e+00  5.00000000e-01  1.30525280e-06 
 1.65400000e+00  5.00000000e-01  1.30525282e-06 
 1.65500000e+00  5.00000000e-01  1.30525282e-06 
 1.65600000e+00  5.00000000e-01  1.30525278e-06 
 1.65700000e+00  5.00000000e-01  1.30525281e-06 
 1.65800000e+00  5.00000000e-01  1.30525280e-06 
 1.65900000e+00  5.00000000e-01  1.30525282e-06 
 1.66000000e+00  5.00000000e-01  1.30525280e-06 
 1.66100000e+00  5.00000000e-01  1.30525282e-06 
 1.66200000e+00  5.00000000e-01  1.30525279e-06 
 1.66300000e+00  5.00000000e-01  1.30525281e-06 
 1.66400000e+00  5.00000000e-01  1.30525280e-06 
 1.66500000e+00  5.00000000e-01  1.30525279e-06 
 1.66600000e+00  5.00000000e-01  1.30525279e-06 
 1.66700000e+00  5.00000000e-01  1.30525281e-06 
 1.66800000e+00  5.00000000e-01  1.30525281e-06 
 1.66900000e+00  5.00000000e-01  1.30525279e-06 
 1.67000000e+00  5.00000000e-01  1.30525279e-06 
 1.67100000e+00  5.00000000e-01  1.30525279e-06 
 1.67200000e+00  5.00000000e-01  1.30525279e-06 
 1.67300000e+00  5.00000000e-01  1.30525280e-06 
 1.67400000e+00  5.00000000e-01  1.30525278e-06 
 1.67500000e+00  5.00000000e-01  1.30525279e-06 
 1.67600000e+00  5.00000000e-01  1.30525278e-06 
 1.67700000e+00  5.00000000e-01  1.30525279e-06 
 1.67800000e+00  5.00000000e-01  1.30525278e-06 
 1.67900000e+00  5.00000000e-01  1.30525276e-06 
 1.68000000e+00  5.00000000e-01  1.30525279e-06 
 1.68100000e+00  5.00000000e-01  1.30525277e-06 
 1.68200000e+00  5.00000000e-01  1.30525279e-06 
 1.68300000e+00  5.00000000e-01  1.30525277e-06 
 1.68400000e+00  5.00000000e-01  1.30525279e-06 
 1.68500000e+00  5.00000000e-01  1.30525277e-06 
 1.68600000e+00  5.00000000e-01  1.30525278e-06 
 1.68700000e+00  5.00000000e-01  1.30525279e-06 
 1.68800000e+00  5.00000000e-01  1.30525278e-06 
 1.68900000e+00  5.00000000e-01  1.30525277e-06 
 1.69000000e+00  5.00000000e-01  1.30525276e-06 
 1.69100000e+00  5.00000000e-01  1.30525278e-06 
 1.69200000e+00  5.00000000e-01  1.30525276e-06 
 1.69300000e+00  5.00000000e-01  1.30525277e-06 
 1.69400000e+00  5.00000000e-01  1.30525278e-06 
 1.69500000e+00  5.00000000e-01  1.30525277e-06 
 1.69600000e+00  5.00000000e-01  1.30525276e-06 
 1.69700000e+00  5.00000000e-01  1.30525276e-06 
 1.69800000e+00  5.00000000e-01  1.30525275e-06 
 1.69900000e+00  5.00000000e-01  1.30525275e-06 
 1.70000000e+00  5.00000000e-01  1.30525276e-06 
 1.70100000e+00  5.00000000e-01  1.30525274e-06 
 1.70200000e+00  5.00000000e-01  1.30525276e-06 
 1.70300000e+00  5.00000000e-01  1.30525275e-06 
 1.70400000e+00  5.00000000e-01  1.30525276e-06 
 1.70500000e+00  5.00000000e-01  1.30525276e-06 
 1.70600000e+00  5.00000000e-01  1.30525274e-06 
 1.70700000e+00  5.00000000e-01  1.30525275e-06 
 1.70800000e+00  5.00000000e-01  1.30525275e-06 
 1.70900000e+00  5.00000000e-01  1.30525274e-06 
 1.71000000e+00  5.00000000e-01  1.30525274e-06 
 1.71100000e+00  5.00000000e-01  1.30525273e-06 
 1.71200000e+00  5.00000000e-01  1.30525274e-06 
 1.71300000e+00  5.00000000e-01  1.30525273e-06 
 1.71400000e+00  5.00000000e-01  1.30525274e-06 
 1.71500000e+00  5.00000000e-01  1.30525273e-06 
 1.71600000e+00  5.00000000e-01  1.30525273e-06 
 1.71700000e+00  5.00000000e-01  1.30525274e-06 
 1.71800000e+00  5.00000000e-01  1.30525274e-06 
 1.71900000e+00  5.00000000e-01  1.30525274e-06 
 1.72000000e+00  5.00000000e-01  1.30525272e-06 
 1.72100000e+00  5.00000000e-01  1.30525274e-06 
 1.72200000e+00  5.00000000e-01  1.30525272e-06 
 1.72300000e+00  5.00000000e-01  1.30525273e-06 
 1.72400000e+00  5.00000000e-01  1.30525272e-06 
 1.72500000e+00  5.00000000e-01  1.30525273e-06 
 1.72600000e+00  5.00000000e-01  1.30525272e-06 
 1.72700000e+00  5.00000000e-01  1.30525272e-06 
 1.72800000e+00  5.00000000e-01  1.30525273e-06 
 1.72900000e+00  5.00000000e-01  1.30525272e-06 
 1.73000000e+00  5.00000000e-01  1.30525272e-06 
 1.73100000e+00  5.00000000e-01  1.30525273e-06 
 1.73200000e+00  5.00000000e-01  1.30525271e-06 
 1.73300000e+00  5.00000000e-01  1.30525271e-06 
 1.73400000e+00  5.00000000e-01  1.30525272e-06 
 1.73500000e+00  5.00000000e-01  1.30525272e-06 
 1.73600000e+00  5.00000000e-01  1.30525270e-06 
 1.73700000e+00  5.00000000e-01  1.30525272e-06 
 1.73800000e+00  5.00000000e-01  1.30525271e-06 
 1.73900000e+00  5.00000000e-01  1.30525270e-06 
 1.74000000e+00  5.00000000e-01  1.30525271e-06 
 1.74100000e+00  5.00000000e-01  1.30525272e-06 
 1.74200000e+00  5.00000000e-01  1.30525270e-06 
 1.74300000e+00  5.00000000e-01  1.30525272e-06 
 1.74400000e+00  5.00000000e-01  1.30525272e-06 
 1.74500000e+00  5.00000000e-01  1.30525269e-06 
 1.74600000e+00  5.00000000e-01  1.30525269e-06 
 1.74700000e+00  5.00000000e-01  1.30525270e-06 
 1.74800000e+00  5.00000000e-01  1.30525270e-06 
 1.74900000e+00  5.00000000e-01  1.30525270e-06 
 1.75000000e+00  5.00000000e-01  1.30525270e-06 
 1.75100000e+00  5.00000000e-01  1.30525268e-06 
 1.75200000e+00  5.00000000e-01  1.30525271e-06 
 1.75300000e+00  5.00000000e-01  1.30525268e-06 
 1.75400000e+00  5.00000000e-01  1.30525268e-06 
 1.75500000e+00  5.00000000e-01  1.30525268e-06 
 1.75600000e+00  5.00000000e-01  1.30525267e-06 
 1.75700000e+00  5.00000000e-01  1.30525267e-06 
 1.75800000e+00  5.00000000e-01  1.30525266e-06 
 1.75900000e+00  5.00000000e-01  1.30525266e-06 
 1.76000000e+00  5.00000000e-01  1.30525267e-06 
 1.76100000e+00  5.00000000e-01  1.30525266e-06 
 1.76200000e+00  5.00000000e-01  1.30525267e-06 
 1.76300000e+00  5.00000000e-01  1.30525267e-06 
 1.76400000e+00  5.00000000e-01  1.30525268e-06 
 1.76500000e+00  5.00000000e-01  1.30525266e-06 
 1.76600000e+00  5.00000000e-01  1.30525267e-06 
 1.76700000e+00  5.00000000e-01  1.30525267e-06 
 1.76800000e+00  5.00000000e-01  1.30525267e-06 
 1.76900000e+00  5.00000000e-01  1.30525266e-06 
 1.77000000e+00  5.00000000e-01  1.30525267e-06 
 1.77100000e+00  5.00000000e-01  1.30525265e-06 
 1.77200000e+00  5.00000000e-01  1.30525266e-06 
 1.77300000e+00  5.00000000e-01  1.30525265e-06 
 1.77400000e+00  5.00000000e-01  1.30525265e-06 
 1.77500000e+00  5.00000000e-01  1.30525265e-06 
 1.77600000e+00  5.00000000e-01  1.30525264e-06 
 1.77700000e+00  5.00000000e-01  1.30525265e-06 
 1.77800000e+00  5.00000000e-01  1.30525264e-06 
 1.77900000e+00  5.00000000e-01  1.30525265e-06 
 1.78000000e+00  5.00000000e-01  1.30525264e-06 
 1.78100000e+00  5.00000000e-01  1.30525264e-06 
 1.78200000e+00  5.00000000e-01  1.30525265e-06 
 1.78300000e+00  5.00000000e-01  1.30525265e-06 
 1.78400000e+00  5.00000000e-01  1.30525261e-06 
 1.78500000e+00  5.00000000e-01  1.30525263e-06 
 1.78600000e+00  5.00000000e-01  1.30525261e-06 
 1.78700000e+00  5.00000000e-01  1.30525263e-06 
 1.78800000e+00  5.00000000e-01  1.30525262e-06 
 1.78900000e+00  5.00000000e-01  1.30525263e-06 
 1.79000000e+00  5.00000000e-01  1.30525261e-06 
 1.79100000e+00  5.00000000e-01  1.30525261e-06 
 1.79200000e+00  5.00000000e-01  1.30525262e-06 
 1.79300000e+00  5.00000000e-01  1.30525260e-06 
 1.79400000e+00  5.00000000e-01  1.30525262e-06 
 1.79500000e+00  5.00000000e-01  1.30525261e-06 
 1.79600000e+00  5.00000000e-01  1.30525261e-06 
 1.79700000e+00  5.00000000e-01  1.30525260e-06 
 1.79800000e+00  5.00000000e-01  1.30525261e-06 
 1.79900000e+00  5.00000000e-01  1.30525261e-06 
 1.80000000e+00  5.00000000e-01  1.30525259e-06 
