 freq mag phase real
 1.00000000e+00  6.41421745e+01 -8.85350326e-02  1.61104698e+03 
 1.12201845e+00  6.41421718e+01 -9.93379200e-02  1.61104598e+03 
 1.25892541e+00  6.41421684e+01 -1.11458950e-01  1.61104473e+03 
 1.41253754e+00  6.41421641e+01 -1.25058959e-01  1.61104315e+03 
 1.58489319e+00  6.41421588e+01 -1.40318402e-01  1.61104116e+03 
 1.77827941e+00  6.41421520e+01 -1.57439755e-01  1.61103866e+03 
 1.99526231e+00  6.41421435e+01 -1.76650195e-01  1.61103551e+03 
 2.23872114e+00  6.41421329e+01 -1.98204616e-01  1.61103154e+03 
 2.51188643e+00  6.41421194e+01 -2.22389007e-01  1.61102655e+03 
 2.81838293e+00  6.41421025e+01 -2.49524246e-01  1.61102027e+03 
 3.16227766e+00  6.41420811e+01 -2.79970350e-01  1.61101236e+03 
 3.54813389e+00  6.41420543e+01 -3.14131253e-01  1.61100240e+03 
 3.98107171e+00  6.41420205e+01 -3.52460148e-01  1.61098986e+03 
 4.46683592e+00  6.41419779e+01 -3.95465499e-01  1.61097408e+03 
 5.01187234e+00  6.41419244e+01 -4.43717764e-01  1.61095421e+03 
 5.62341325e+00  6.41418569e+01 -4.97856943e-01  1.61092919e+03 
 6.30957344e+00  6.41417720e+01 -5.58601037e-01  1.61089770e+03 
 7.07945784e+00  6.41416652e+01 -6.26755531e-01  1.61085806e+03 
 7.94328235e+00  6.41415306e+01 -7.03224011e-01  1.61080815e+03 
 8.91250938e+00  6.41413612e+01 -7.89020060e-01  1.61074533e+03 
 1.00000000e+01  6.41411480e+01 -8.85280580e-01  1.61066625e+03 
 1.12201845e+01  6.41408796e+01 -9.93280685e-01  1.61056670e+03 
 1.25892541e+01  6.41405417e+01 -1.11445036e+00  1.61044140e+03 
 1.41253754e+01  6.41401164e+01 -1.25039304e+00  1.61028368e+03 
 1.58489319e+01  6.41395810e+01 -1.40290641e+00  1.61008517e+03 
 1.77827941e+01  6.41389070e+01 -1.57400546e+00  1.60983532e+03 
 1.99526231e+01  6.41380587e+01 -1.76594818e+00  1.60952090e+03 
 2.23872114e+01  6.41369910e+01 -1.98126405e+00  1.60912523e+03 
 2.51188643e+01  6.41356472e+01 -2.22278553e+00  1.60862740e+03 
 2.81838293e+01  6.41339560e+01 -2.49368261e+00  1.60800110e+03 
 3.16227766e+01  6.41318279e+01 -2.79750082e+00  1.60721333e+03 
 3.54813389e+01  6.41291503e+01 -3.13820231e+00  1.60622268e+03 
 3.98107171e+01  6.41257817e+01 -3.52021025e+00  1.60497726e+03 
 4.46683592e+01  6.41215446e+01 -3.94845588e+00  1.60341212e+03 
 5.01187234e+01  6.41162162e+01 -4.42842767e+00  1.60144606e+03 
 5.62341325e+01  6.41095176e+01 -4.96622133e+00  1.59897778e+03 
 6.30957344e+01  6.41010991e+01 -5.56858873e+00  1.59588119e+03 
 7.07945784e+01  6.40905240e+01 -6.24298295e+00  1.59199984e+03 
 7.94328235e+01  6.40772472e+01 -6.99759511e+00  1.58714026e+03 
 8.91250938e+01  6.40605903e+01 -7.84137720e+00  1.58106444e+03 
 1.00000000e+02  6.40397109e+01 -8.78404230e+00  1.57348126e+03 
 1.12201845e+02  6.40135672e+01 -9.83603118e+00  1.56403741e+03 
 1.25892541e+02  6.39808765e+01 -1.10084301e+01  1.55230828e+03 
 1.41253754e+02  6.39400681e+01 -1.23128210e+01  1.53778999e+03 
 1.58489319e+02  6.38892328e+01 -1.37610407e+01  1.51989418e+03 
 1.77827941e+02  6.38260695e+01 -1.53648219e+01  1.49794837e+03 
 1.99526231e+02  6.37478360e+01 -1.71352891e+01  1.47120527e+03 
 2.23872114e+02  6.36513084e+01 -1.90822829e+01  1.43886559e+03 
 2.51188643e+02  6.35327606e+01 -2.12134999e+01  1.40011948e+03 
 2.81838293e+02  6.33879767e+01 -2.35334573e+01  1.35421078e+03 
 3.16227766e+02  6.32123106e+01 -2.60423271e+01  1.30052615e+03 
 3.54813389e+02  6.30008077e+01 -2.87347381e+01  1.23870557e+03 
 3.98107171e+02  6.27483999e+01 -3.15987026e+01  1.16876293e+03 
 4.46683592e+02  6.24501731e+01 -3.46148784e+01  1.09119565e+03 
 5.01187234e+02  6.21016913e+01 -3.77563959e+01  1.00705464e+03 
 5.62341325e+02  6.16993451e+01 -4.09894468e+01  9.17944960e+02 
 6.30957344e+02  6.12406729e+01 -4.42747171e+01  8.25937498e+02 
 7.07945784e+02  6.07245994e+01 -4.75695829e+01  7.33393451e+02 
 7.94328235e+02  6.01515454e+01 -5.08307996e+01  6.42729271e+02 
 8.91250938e+02  5.95233838e+01 -5.40172870e+01  5.56169884e+02 
 1.00000000e+03  5.88432544e+01 -5.70925858e+01  4.75542034e+02 
 1.12201845e+03  5.81152712e+01 -6.00266476e+01  4.02145793e+02 
 1.25892541e+03  5.73441802e+01 -6.27967948e+01  3.36717378e+02 
 1.41253754e+03  5.65350185e+01 -6.53878641e+01  2.79471908e+02 
 1.58489319e+03  5.56928190e+01 -6.77916894e+01  2.30199362e+02 
 1.77827941e+03  5.48223831e+01 -7.00061485e+01  1.88383460e+02 
 1.99526231e+03  5.39281270e+01 -7.20339971e+01  1.53318588e+02 
 2.23872114e+03  5.30139966e+01 -7.38816732e+01  1.24209164e+02 
 2.51188643e+03  5.20834362e+01 -7.55581964e+01  1.00244876e+02 
 2.81838293e+03  5.11393964e+01 -7.70742270e+01  8.06517141e+01 
 3.16227766e+03  5.01843668e+01 -7.84413104e+01  6.47223815e+01 
 3.54813389e+03  4.92204229e+01 -7.96713000e+01  5.18309771e+01 
 3.98107171e+03  4.82492781e+01 -8.07759374e+01  4.14367701e+01 
 4.46683592e+03  4.72723361e+01 -8.17665636e+01  3.30810730e+01 
 5.01187234e+03  4.62907393e+01 -8.26539323e+01  2.63802399e+01 
 5.62341325e+03  4.53054132e+01 -8.34481003e+01  2.10168852e+01 
 6.30957344e+03  4.43171046e+01 -8.41583755e+01  1.67306790e+01 
 7.07945784e+03  4.33264138e+01 -8.47933034e+01  1.33095210e+01 
 7.94328235e+03  4.23338227e+01 -8.53606823e+01  1.05815174e+01 
 8.91250938e+03  4.13397167e+01 -8.58675943e+01  8.40793930e+00 
 1.00000000e+04  4.03444042e+01 -8.63204466e+01  6.67719588e+00 
 1.12201845e+04  3.93481311e+01 -8.67250247e+01  5.29975067e+00 
 1.25892541e+04  3.83510938e+01 -8.70865380e+01  4.20391805e+00 
 1.41253754e+04  3.73534486e+01 -8.74096705e+01  3.33239790e+00 
 1.58489319e+04  3.63553199e+01 -8.76986246e+01  2.63945371e+00 
 1.77827941e+04  3.53568067e+01 -8.79571779e+01  2.08860458e+00 
 1.99526231e+04  3.43579881e+01 -8.81887264e+01  1.65077731e+00 
 2.23872114e+04  3.33589266e+01 -8.83963069e+01  1.30283152e+00 
 2.51188643e+04  3.23596720e+01 -8.85826583e+01  1.02633997e+00 
 2.81838293e+04  3.13602640e+01 -8.87502352e+01  8.06648682e-01 
 3.16227766e+04  3.03607340e+01 -8.89012577e+01  6.32096343e-01 
 3.54813389e+04  2.93611071e+01 -8.90377142e+01  4.93419605e-01 
 3.98107171e+04  2.83614030e+01 -8.91614161e+01  3.83246817e-01 
 4.46683592e+04  2.73616376e+01 -8.92739985e+01  2.95723014e-01 
 5.01187234e+04  2.63618232e+01 -8.93769544e+01  2.26193322e-01 
 5.62341325e+04  2.53619699e+01 -8.94716467e+01  1.70959838e-01 
 6.30957344e+04  2.43620853e+01 -8.95593314e+01  1.27083593e-01 
 7.07945784e+04  2.33621757e+01 -8.96411705e+01  9.22298474e-02 
 7.94328235e+04  2.23622458e+01 -8.97182495e+01  6.45435170e-02 
 8.91250938e+04  2.13622994e+01 -8.97915909e+01  4.25508395e-02 
 1.00000000e+05  2.03623393e+01 -8.98621682e+01  2.50809116e-02 
 1.12201845e+05  1.93623676e+01 -8.99309168e+01  1.12038698e-02 
 1.25892541e+05  1.83623860e+01 -8.99987497e+01  1.80725712e-04 
 1.41253754e+05  1.73623952e+01 -9.00665658e+01 -8.57527344e-03 
 1.58489319e+05  1.63623959e+01 -9.01352651e+01 -1.55303935e-02 
 1.77827941e+05  1.53623881e+01 -9.02057595e+01 -2.10550229e-02 
 1.99526231e+05  1.43623713e+01 -9.02789844e+01 -2.54433437e-02 
 2.23872114e+05  1.33623447e+01 -9.03559114e+01 -2.89290202e-02 
 2.51188643e+05  1.23623069e+01 -9.04375609e+01 -3.16976426e-02 
 2.81838293e+05  1.13622557e+01 -9.05250165e+01 -3.38966691e-02 
 3.16227766e+05  1.03621886e+01 -9.06194384e+01 -3.56431826e-02 
 3.54813389e+05  9.36210189e+00 -9.07220799e+01 -3.70302134e-02 
 3.98107171e+05  8.36199099e+00 -9.08343022e+01 -3.81315958e-02 
 4.46683592e+05  7.36185001e+00 -9.09575950e+01 -3.90060107e-02 
 5.01187234e+05  6.36167141e+00 -9.10935937e+01 -3.97000054e-02 
 5.62341325e+05  5.36144571e+00 -9.12441026e+01 -4.02505400e-02 
 6.30957344e+05  4.36116086e+00 -9.14111182e+01 -4.06869291e-02 
 7.07945784e+05  3.36080171e+00 -9.15968565e+01 -4.10324191e-02 
 7.94328235e+05  2.36034915e+00 -9.18037809e+01 -4.13054043e-02 
 8.91250938e+05  1.35977902e+00 -9.20346362e+01 -4.15204255e-02 
 1.00000000e+06  3.59060988e-01 -9.22924835e+01 -4.16889296e-02 
 1.12201845e+06 -6.41843206e-01 -9.25807418e+01 -4.18198923e-02 
 1.25892541e+06 -1.64298171e+00 -9.29032327e+01 -4.19202885e-02 
 1.41253754e+06 -2.64441520e+00 -9.32642301e+01 -4.19954662e-02 
 1.58489319e+06 -3.64622004e+00 -9.36685169e+01 -4.20494301e-02 
 1.77827941e+06 -4.64849241e+00 -9.41214473e+01 -4.20850558e-02 
 1.99526231e+06 -5.65135341e+00 -9.46290169e+01 -4.21042462e-02 
 2.23872114e+06 -6.65495554e+00 -9.51979396e+01 -4.21080298e-02 
 2.51188643e+06 -7.65949073e+00 -9.58357349e+01 -4.20966203e-02 
 2.81838293e+06 -8.66520071e+00 -9.65508236e+01 -4.20694302e-02 
 3.16227766e+06 -9.67238977e+00 -9.73526342e+01 -4.20250452e-02 
 3.54813389e+06 -1.06814409e+01 -9.82517206e+01 -4.19611580e-02 
 3.98107171e+06 -1.16928359e+01 -9.92598918e+01 -4.18744616e-02 
 4.46683592e+06 -1.27071808e+01 -1.00390355e+02 -4.17605026e-02 
 5.01187234e+06 -1.37252370e+01 -1.01657874e+02 -4.16134903e-02 
 5.62341325e+06 -1.47479599e+01 -1.03078943e+02 -4.14260748e-02 
 6.30957344e+06 -1.57765472e+01 -1.04671991e+02 -4.11890933e-02 
 7.07945784e+06 -1.68124974e+01 -1.06457625e+02 -4.08913196e-02 
 7.94328235e+06 -1.78576837e+01 -1.08458954e+02 -4.05192419e-02 
 8.91250938e+06 -1.89144496e+01 -1.10702068e+02 -4.00569155e-02 
 1.00000000e+07 -1.99857487e+01 -1.13216809e+02 -3.94858866e-02 
 1.12201845e+07 -2.10753784e+01 -1.16038051e+02 -3.87850094e-02 
 1.25892541e+07 -2.21884325e+01 -1.19207643e+02 -3.79294836e-02 
 1.41253754e+07 -2.33322162e+01 -1.22776611e+02 -3.68875145e-02 
 1.58489319e+07 -2.45179702e+01 -1.26805368e+02 -3.56122827e-02 
 1.77827941e+07 -2.57635313e+01 -1.31356183e+02 -3.40292779e-02 
 1.99526231e+07 -2.70961350e+01 -1.36470082e+02 -3.20287611e-02 
 2.23872114e+07 -2.85534021e+01 -1.42126399e+02 -2.94855258e-02 
 2.51188643e+07 -3.01811233e+01 -1.48194957e+02 -2.63198995e-02 
 2.81838293e+07 -3.20286335e+01 -1.54386150e+02 -2.25758393e-02 
 3.16227766e+07 -3.41408164e+01 -1.60178995e+02 -1.84687038e-02 
 3.54813389e+07 -3.65368884e+01 -1.64713294e+02 -1.43718019e-02 
 3.98107171e+07 -3.91561928e+01 -1.66735390e+02 -1.07262115e-02 
 4.46683592e+07 -4.17615899e+01 -1.64975730e+02 -7.88524057e-03 
 5.01187234e+07 -4.39098530e+01 -1.59603278e+02 -5.97567350e-03 
 5.62341325e+07 -4.52765688e+01 -1.53594891e+02 -4.87888532e-03 
 6.30957344e+07 -4.60442474e+01 -1.50389043e+02 -4.33518361e-03 
 7.07945784e+07 -4.66219073e+01 -1.50882947e+02 -4.07596928e-03 
 7.94328235e+07 -4.72638589e+01 -1.54261696e+02 -3.90327472e-03 
 8.91250938e+07 -4.80543175e+01 -1.59529667e+02 -3.70642964e-03 
 1.00000000e+08 -4.89966592e+01 -1.65981421e+02 -3.44378494e-03 
 1.12201845e+08 -5.00665346e+01 -1.73181725e+02 -3.11595295e-03 
 1.25892541e+08 -5.12328237e+01 -1.80870708e+02 -2.74352339e-03 
 1.41253754e+08 -5.24645489e+01 -1.88891888e+02 -2.35245585e-03 
 1.58489319e+08 -5.37327798e+01 -1.97147387e+02 -1.96613890e-03 
 1.77827941e+08 -5.50110042e+01 -2.05570964e+02 -1.60206844e-03 
 1.99526231e+08 -5.62751821e+01 -2.14111448e+02 -1.27128848e-03 
 2.23872114e+08 -5.75038573e+01 -2.22722343e+02 -9.79236675e-04 
 2.51188643e+08 -5.86783916e+01 -2.31355464e+02 -7.27116066e-04 
 2.81838293e+08 -5.97832791e+01 -2.39957617e+02 -5.13289061e-04 
 3.16227766e+08 -6.08064557e+01 -2.48469804e+02 -3.34451580e-04 
 3.54813389e+08 -6.17395159e+01 -2.56828529e+02 -1.86510755e-04 
 3.98107171e+08 -6.25777628e+01 -2.64968652e+02 -6.51801367e-05 
 4.46683592e+08 -6.33200484e+01 -2.72827109e+02  3.36543521e-05 
 5.01187234e+08 -6.39683999e+01 -2.80346747e+02  1.13736055e-04 
 5.62341325e+08 -6.45274698e+01 -2.87479617e+02  1.78352008e-04 
 6.30957344e+08 -6.50038745e+01 -2.94189243e+02  2.30317599e-04 
 7.07945784e+08 -6.54055034e+01 -3.00451648e+02  2.72001253e-04 
 7.94328235e+08 -6.57408722e+01 -3.06255196e+02  3.05369086e-04 
 8.91250938e+08 -6.60185761e+01 -3.11599476e+02  3.32037043e-04 
 1.00000000e+09 -6.62468729e+01 -3.16493557e+02  3.53323248e-04 
